USB2E7922_1:101		Capture_2:202		Capture_3:203		
370.649	-386.39	370.649	-385.22	370.649	-386.67	
371.03	19.61	371.03	20.78	371.03	24.33	
371.41	18.61	371.41	22.78	371.41	16.33	
371.79	12.61	371.79	21.78	371.79	20.33	
372.171	16.61	372.171	21.78	372.171	17.33	
372.551	23.61	372.551	17.78	372.551	18.33	
372.931	19.61	372.931	18.78	372.931	24.33	
373.312	19.61	373.312	23.78	373.312	22.33	
373.692	25.61	373.692	18.78	373.692	21.33	
374.072	28.61	374.072	26.78	374.072	22.33	
374.452	20.61	374.452	19.78	374.452	25.33	
374.832	27.61	374.832	28.78	374.832	15.33	
375.212	30.61	375.212	24.78	375.212	30.33	
375.592	24.61	375.592	20.78	375.592	26.33	
375.972	28.61	375.972	21.78	375.972	30.33	
376.352	24.61	376.352	27.78	376.352	25.33	
376.732	20.61	376.732	20.78	376.732	22.33	
377.112	24.61	377.112	27.78	377.112	24.33	
377.491	24.61	377.491	25.78	377.491	22.33	
377.871	24.61	377.871	24.78	377.871	28.33	
378.251	19.61	378.251	24.78	378.251	33.33	
378.631	29.61	378.631	24.78	378.631	27.33	
379.01	21.61	379.01	21.78	379.01	24.33	
379.39	25.61	379.39	21.78	379.39	20.33	
379.769	26.61	379.769	27.78	379.769	32.33	
380.149	50.61	380.149	50.78	380.149	38.33	
380.528	39.61	380.528	55.78	380.528	44.33	
380.908	38.61	380.908	44.78	380.908	40.33	
381.287	41.61	381.287	51.78	381.287	42.33	
381.667	44.61	381.667	54.78	381.667	45.33	
382.046	44.61	382.046	55.78	382.046	42.33	
382.425	40.61	382.425	56.78	382.425	48.33	
382.804	43.61	382.804	50.78	382.804	44.33	
383.184	42.61	383.184	55.78	383.184	41.33	
383.563	39.61	383.563	58.78	383.563	44.33	
383.942	41.61	383.942	55.78	383.942	38.33	
384.321	46.61	384.321	57.78	384.321	42.33	
384.7	51.61	384.7	61.78	384.7	46.33	
385.079	49.61	385.079	60.78	385.079	48.33	
385.458	58.61	385.458	68.78	385.458	51.33	
385.837	46.61	385.837	63.78	385.837	54.33	
386.216	56.61	386.216	71.78	386.216	52.33	
386.595	60.61	386.595	70.78	386.595	55.33	
386.974	61.61	386.974	86.78	386.974	64.33	
387.352	69.61	387.352	98.78	387.352	67.33	
387.731	68.61	387.731	103.78	387.731	73.33	
388.11	78.61	388.11	115.78	388.11	85.33	
388.489	82.61	388.489	115.78	388.489	77.33	
388.867	92.61	388.867	120.78	388.867	83.33	
389.246	89.61	389.246	126.78	389.246	84.33	
389.624	98.61	389.624	153.78	389.624	96.33	
390.003	103.61	390.003	151.78	390.003	103.33	
390.381	101.61	390.381	170.78	390.381	107.33	
390.76	108.61	390.76	169.78	390.76	126.33	
391.138	128.61	391.138	195.78	391.138	126.33	
391.517	156.61	391.517	239.78	391.517	154.33	
391.895	218.61	391.895	315.78	391.895	199.33	
392.273	364.61	392.273	552.78	392.273	334.33	
392.651	741.61	392.651	1152.78	392.651	683.33	
393.03	1505.61	393.03	2390.78	393.03	1444.33	
393.408	2523.61	393.408	3709.78	393.408	2536.33	
393.786	3422.61	393.786	3709.78	393.786	3167.33	
394.164	3708.61	394.164	3709.78	394.164	3708.33	
394.542	3708.61	394.542	3709.78	394.542	3685.33	
394.92	3708.61	394.92	3709.78	394.92	3669.33	
395.298	3708.61	395.298	3709.78	395.298	3708.33	
395.676	3708.61	395.676	3709.78	395.676	3708.33	
396.054	3708.61	396.054	3709.78	396.054	3708.33	
396.432	3708.61	396.432	3709.78	396.432	3708.33	
396.81	3708.61	396.81	3709.78	396.81	3708.33	
397.187	3708.61	397.187	3709.78	397.187	3708.33	
397.565	3708.61	397.565	3709.78	397.565	3708.33	
397.943	3708.61	397.943	3709.78	397.943	3708.33	
398.32	3708.61	398.32	3709.78	398.32	3708.33	
398.698	3708.61	398.698	3709.78	398.698	3708.33	
399.076	3708.61	399.076	3709.78	399.076	3708.33	
399.453	3708.61	399.453	3709.78	399.453	3708.33	
399.831	3708.61	399.831	3709.78	399.831	3708.33	
400.208	3708.61	400.208	3709.78	400.208	3708.33	
400.586	3708.61	400.586	3709.78	400.586	3708.33	
400.963	3708.61	400.963	3709.78	400.963	3708.33	
401.34	3539.61	401.34	3709.78	401.34	3708.33	
401.718	3027.61	401.718	3709.78	401.718	3076.33	
402.095	2005.61	402.095	3709.78	402.095	1924.33	
402.472	1350.61	402.472	3709.78	402.472	1153.33	
402.849	632.61	402.849	3709.78	402.849	690.33	
403.227	303.61	403.227	3709.78	403.227	334.33	
403.604	199.61	403.604	324.78	403.604	194.33	
403.981	164.61	403.981	227.78	403.981	169.33	
404.358	155.61	404.358	207.78	404.358	163.33	
404.735	144.61	404.735	209.78	404.735	148.33	
405.112	145.61	405.112	190.78	405.112	149.33	
405.489	149.61	405.489	192.78	405.489	151.33	
405.866	150.61	405.866	186.78	405.866	141.33	
406.242	147.61	406.242	195.78	406.242	149.33	
406.619	156.61	406.619	211.78	406.619	164.33	
406.996	156.61	406.996	215.78	406.996	159.33	
407.373	163.61	407.373	214.78	407.373	163.33	
407.749	163.61	407.749	219.78	407.749	167.33	
408.126	157.61	408.126	218.78	408.126	168.33	
408.503	168.61	408.503	227.78	408.503	171.33	
408.879	158.61	408.879	217.78	408.879	161.33	
409.256	161.61	409.256	222.78	409.256	169.33	
409.632	158.61	409.632	226.78	409.632	179.33	
410.009	182.61	410.009	257.78	410.009	188.33	
410.385	181.61	410.385	269.78	410.385	202.33	
410.761	182.61	410.761	269.78	410.761	198.33	
411.138	190.61	411.138	274.78	411.138	205.33	
411.514	181.61	411.514	267.78	411.514	198.33	
411.89	201.61	411.89	297.78	411.89	217.33	
412.267	210.61	412.267	290.78	412.267	213.33	
412.643	204.61	412.643	293.78	412.643	222.33	
413.019	221.61	413.019	310.78	413.019	239.33	
413.395	217.61	413.395	313.78	413.395	240.33	
413.771	210.61	413.771	325.78	413.771	239.33	
414.147	233.61	414.147	360.78	414.147	269.33	
414.523	240.61	414.523	353.78	414.523	255.33	
414.899	246.61	414.899	365.78	414.899	269.33	
415.275	241.61	415.275	360.78	415.275	276.33	
415.651	254.61	415.651	376.78	415.651	294.33	
416.027	251.61	416.027	375.78	416.027	283.33	
416.402	246.61	416.402	385.78	416.402	285.33	
416.778	275.61	416.778	394.78	416.778	302.33	
417.154	273.61	417.154	392.78	417.154	297.33	
417.529	313.61	417.529	451.78	417.529	346.33	
417.905	301.61	417.905	442.78	417.905	335.33	
418.281	307.61	418.281	458.78	418.281	350.33	
418.656	312.61	418.656	462.78	418.656	341.33	
419.032	315.61	419.032	446.78	419.032	355.33	
419.407	348.61	419.407	504.78	419.407	391.33	
419.783	365.61	419.783	534.78	419.783	403.33	
420.158	373.61	420.158	547.78	420.158	437.33	
420.533	405.61	420.533	563.78	420.533	444.33	
420.909	416.61	420.909	593.78	420.909	492.33	
421.284	470.61	421.284	659.78	421.284	522.33	
421.659	430.61	421.659	631.78	421.659	497.33	
422.034	469.61	422.034	644.78	422.034	517.33	
422.41	530.61	422.41	736.78	422.41	602.33	
422.785	520.61	422.785	715.78	422.785	594.33	
423.16	612.61	423.16	803.78	423.16	664.33	
423.535	559.61	423.535	766.78	423.535	625.33	
423.91	607.61	423.91	792.78	423.91	668.33	
424.285	615.61	424.285	810.78	424.285	681.33	
424.66	696.61	424.66	907.78	424.66	775.33	
425.035	713.61	425.035	923.78	425.035	803.33	
425.409	794.61	425.409	1001.78	425.409	871.33	
425.784	786.61	425.784	983.78	425.784	829.33	
426.159	805.61	426.159	992.78	426.159	866.33	
426.534	851.61	426.534	1042.78	426.534	923.33	
426.908	884.61	426.908	1109.78	426.908	990.33	
427.283	895.61	427.283	1084.78	427.283	958.33	
427.658	986.61	427.658	1188.78	427.658	1080.33	
428.032	1065.61	428.032	1255.78	428.032	1142.33	
428.407	1043.61	428.407	1206.78	428.407	1133.33	
428.781	1143.61	428.781	1304.78	428.781	1217.33	
429.156	1279.61	429.156	1435.78	429.156	1340.33	
429.53	1213.61	429.53	1359.78	429.53	1281.33	
429.904	1287.61	429.904	1426.78	429.904	1334.33	
430.279	1394.61	430.279	1537.78	430.279	1424.33	
430.653	1360.61	430.653	1479.78	430.653	1419.33	
431.027	1401.61	431.027	1507.78	431.027	1436.33	
431.401	1474.61	431.401	1595.78	431.401	1538.33	
431.776	1527.61	431.776	1607.78	431.776	1540.33	
432.15	1509.61	432.15	1548.78	432.15	1546.33	
432.524	1607.61	432.524	1682.78	432.524	1642.33	
432.898	1737.61	432.898	1806.78	432.898	1776.33	
433.272	1673.61	433.272	1716.78	433.272	1695.33	
433.646	1796.61	433.646	1831.78	433.646	1809.33	
434.02	1852.61	434.02	1902.78	434.02	1911.33	
434.394	2014.61	434.394	1992.78	434.394	2037.33	
434.767	1860.61	434.767	1858.78	434.767	1874.33	
435.141	1930.61	435.141	1893.78	435.141	1950.33	
435.515	1943.61	435.515	1897.78	435.515	1941.33	
435.889	2081.61	435.889	2059.78	435.889	2100.33	
436.262	2066.61	436.262	1976.78	436.262	2081.33	
436.636	2056.61	436.636	1972.78	436.636	2021.33	
437.01	2043.61	437.01	1978.78	437.01	2023.33	
437.383	2116.61	437.383	2028.78	437.383	2093.33	
437.757	2006.61	437.757	1929.78	437.757	2023.33	
438.13	2263.61	438.13	2146.78	438.13	2246.33	
438.504	2263.61	438.504	2152.78	438.504	2275.33	
438.877	2316.61	438.877	2158.78	438.877	2275.33	
439.251	2369.61	439.251	2248.78	439.251	2336.33	
439.624	2356.61	439.624	2199.78	439.624	2324.33	
439.997	2309.61	439.997	2109.78	439.997	2234.33	
440.37	2373.61	440.37	2163.78	440.37	2285.33	
440.744	2449.61	440.744	2236.78	440.744	2390.33	
441.117	2336.61	441.117	2150.78	441.117	2291.33	
441.49	2221.61	441.49	2044.78	441.49	2191.33	
441.863	2354.61	441.863	2124.78	441.863	2269.33	
442.236	2438.61	442.236	2192.78	442.236	2346.33	
442.609	2443.61	442.609	2189.78	442.609	2376.33	
442.982	2454.61	442.982	2143.78	442.982	2340.33	
443.355	2422.61	443.355	2135.78	443.355	2343.33	
443.728	2428.61	443.728	2139.78	443.728	2361.33	
444.101	2327.61	444.101	2068.78	444.101	2230.33	
444.474	2335.61	444.474	2044.78	444.474	2246.33	
444.846	2444.61	444.846	2147.78	444.846	2356.33	
445.219	2429.61	445.219	2096.78	445.219	2307.33	
445.592	2505.61	445.592	2221.78	445.592	2410.33	
445.964	2442.61	445.964	2179.78	445.964	2380.33	
446.337	2363.61	446.337	2035.78	446.337	2255.33	
446.71	2479.61	446.71	2165.78	446.71	2388.33	
447.082	2335.61	447.082	2059.78	447.082	2258.33	
447.455	2405.61	447.455	2087.78	447.455	2290.33	
447.827	2285.61	447.827	2017.78	447.827	2233.33	
448.2	2480.61	448.2	2153.78	448.2	2401.33	
448.572	2317.61	448.572	2048.78	448.572	2187.33	
448.944	2412.61	448.944	2098.78	448.944	2336.33	
449.317	2464.61	449.317	2093.78	449.317	2356.33	
449.689	2515.61	449.689	2171.78	449.689	2380.33	
450.061	2459.61	450.061	2143.78	450.061	2391.33	
450.433	2385.61	450.433	2057.78	450.433	2277.33	
450.805	2386.61	450.805	2058.78	450.805	2278.33	
451.177	2474.61	451.177	2122.78	451.177	2339.33	
451.549	2385.61	451.549	2093.78	451.549	2340.33	
451.921	2476.61	451.921	2132.78	451.921	2355.33	
452.293	2530.61	452.293	2152.78	452.293	2403.33	
452.665	2464.61	452.665	2135.78	452.665	2356.33	
453.037	2424.61	453.037	2121.78	453.037	2359.33	
453.409	2335.61	453.409	1997.78	453.409	2216.33	
453.781	2425.61	453.781	2091.78	453.781	2338.33	
454.153	2460.61	454.153	2120.78	454.153	2348.33	
454.524	2582.61	454.524	2209.78	454.524	2496.33	
454.896	2514.61	454.896	2194.78	454.896	2425.33	
455.268	2592.61	455.268	2240.78	455.268	2478.33	
455.639	2490.61	455.639	2158.78	455.639	2379.33	
456.011	2519.61	456.011	2182.78	456.011	2412.33	
456.382	2654.61	456.382	2279.78	456.382	2511.33	
456.754	2468.61	456.754	2122.78	456.754	2383.33	
457.125	2424.61	457.125	2102.78	457.125	2294.33	
457.497	2474.61	457.497	2170.78	457.497	2424.33	
457.868	2512.61	457.868	2160.78	457.868	2422.33	
458.239	2545.61	458.239	2207.78	458.239	2461.33	
458.611	2623.61	458.611	2249.78	458.611	2503.33	
458.982	2555.61	458.982	2201.78	458.982	2467.33	
459.353	2451.61	459.353	2121.78	459.353	2354.33	
459.724	2530.61	459.724	2160.78	459.724	2445.33	
460.096	2623.61	460.096	2281.78	460.096	2530.33	
460.467	2569.61	460.467	2258.78	460.467	2469.33	
460.838	2667.61	460.838	2296.78	460.838	2554.33	
461.209	2515.61	461.209	2186.78	461.209	2470.33	
461.58	2698.61	461.58	2308.78	461.58	2570.33	
461.951	2713.61	461.951	2331.78	461.951	2597.33	
462.321	2600.61	462.321	2197.78	462.321	2507.33	
462.692	2507.61	462.692	2166.78	462.692	2433.33	
463.063	2597.61	463.063	2270.78	463.063	2531.33	
463.434	2675.61	463.434	2290.78	463.434	2579.33	
463.805	2598.61	463.805	2235.78	463.805	2522.33	
464.175	2595.61	464.175	2233.78	464.175	2476.33	
464.546	2418.61	464.546	2068.78	464.546	2317.33	
464.917	2425.61	464.917	2078.78	464.917	2320.33	
465.287	2660.61	465.287	2277.78	465.287	2590.33	
465.658	2718.61	465.658	2352.78	465.658	2647.33	
466.028	2587.61	466.028	2234.78	466.028	2509.33	
466.399	2735.61	466.399	2339.78	466.399	2625.33	
466.769	2699.61	466.769	2345.78	466.769	2563.33	
467.139	2660.61	467.139	2304.78	467.139	2572.33	
467.51	2636.61	467.51	2264.78	467.51	2531.33	
467.88	2693.61	467.88	2302.78	467.88	2566.33	
468.25	2735.61	468.25	2363.78	468.25	2610.33	
468.62	2717.61	468.62	2320.78	468.62	2581.33	
468.99	2742.61	468.99	2381.78	468.99	2649.33	
469.361	2727.61	469.361	2355.78	469.361	2620.33	
469.731	2621.61	469.731	2249.78	469.731	2525.33	
470.101	2652.61	470.101	2312.78	470.101	2531.33	
470.471	2603.61	470.471	2247.78	470.471	2506.33	
470.841	2577.61	470.841	2216.78	470.841	2465.33	
471.211	2527.61	471.211	2163.78	471.211	2370.33	
471.58	2510.61	471.58	2222.78	471.58	2437.33	
471.95	2547.61	471.95	2204.78	471.95	2474.33	
472.32	2503.61	472.32	2182.78	472.32	2415.33	
472.69	2558.61	472.69	2218.78	472.69	2426.33	
473.06	2475.61	473.06	2134.78	473.06	2402.33	
473.429	2494.61	473.429	2196.78	473.429	2424.33	
473.799	2499.61	473.799	2158.78	473.799	2392.33	
474.168	2460.61	474.168	2143.78	474.168	2371.33	
474.538	2376.61	474.538	2063.78	474.538	2268.33	
474.907	2367.61	474.907	2036.78	474.907	2242.33	
475.277	2352.61	475.277	2030.78	475.277	2259.33	
475.646	2483.61	475.646	2135.78	475.646	2369.33	
476.016	2437.61	476.016	2104.78	476.016	2358.33	
476.385	2407.61	476.385	2073.78	476.385	2296.33	
476.754	2389.61	476.754	2086.78	476.754	2273.33	
477.124	2417.61	477.124	2091.78	477.124	2320.33	
477.493	2425.61	477.493	2102.78	477.493	2354.33	
477.862	2464.61	477.862	2143.78	477.862	2341.33	
478.231	2449.61	478.231	2119.78	478.231	2327.33	
478.6	2393.61	478.6	2059.78	478.6	2290.33	
478.969	2343.61	478.969	1983.78	478.969	2226.33	
479.338	2310.61	479.338	2024.78	479.338	2221.33	
479.707	2361.61	479.707	2009.78	479.707	2256.33	
480.076	2396.61	480.076	2055.78	480.076	2310.33	
480.445	2358.61	480.445	2057.78	480.445	2258.33	
480.814	2350.61	480.814	2075.78	480.814	2274.33	
481.183	2293.61	481.183	1997.78	481.183	2225.33	
481.552	2309.61	481.552	1966.78	481.552	2202.33	
481.92	2282.61	481.92	1957.78	481.92	2161.33	
482.289	2249.61	482.289	1960.78	482.289	2186.33	
482.658	2252.61	482.658	1987.78	482.658	2172.33	
483.026	2281.61	483.026	1982.78	483.026	2174.33	
483.395	2266.61	483.395	1974.78	483.395	2179.33	
483.763	2257.61	483.763	1933.78	483.763	2174.33	
484.132	2256.61	484.132	1971.78	484.132	2173.33	
484.5	2256.61	484.5	1943.78	484.5	2137.33	
484.869	2222.61	484.869	1902.78	484.869	2091.33	
485.237	2220.61	485.237	1905.78	485.237	2124.33	
485.606	2211.61	485.606	1924.78	485.606	2130.33	
485.974	2204.61	485.974	1923.78	485.974	2115.33	
486.342	2204.61	486.342	1904.78	486.342	2138.33	
486.71	2199.61	486.71	1888.78	486.71	2095.33	
487.078	2205.61	487.078	1880.78	487.078	2138.33	
487.447	2142.61	487.447	1871.78	487.447	2095.33	
487.815	2175.61	487.815	1873.78	487.815	2095.33	
488.183	2193.61	488.183	1883.78	488.183	2110.33	
488.551	2173.61	488.551	1880.78	488.551	2067.33	
488.919	2128.61	488.919	1834.78	488.919	2033.33	
489.287	2138.61	489.287	1826.78	489.287	2066.33	
489.654	2099.61	489.654	1843.78	489.654	2036.33	
490.022	2135.61	490.022	1830.78	490.022	2045.33	
490.39	2094.61	490.39	1806.78	490.39	2024.33	
490.758	2122.61	490.758	1782.78	490.758	2025.33	
491.126	2095.61	491.126	1822.78	491.126	2000.33	
491.493	2069.61	491.493	1780.78	491.493	1987.33	
491.861	2085.61	491.861	1803.78	491.861	2019.33	
492.228	2081.61	492.228	1785.78	492.228	1981.33	
492.596	2059.61	492.596	1775.78	492.596	1958.33	
492.963	2075.61	492.963	1789.78	492.963	1975.33	
493.331	2047.61	493.331	1740.78	493.331	1968.33	
493.698	2012.61	493.698	1740.78	493.698	1936.33	
494.066	2002.61	494.066	1736.78	494.066	1921.33	
494.433	2015.61	494.433	1741.78	494.433	1942.33	
494.8	1995.61	494.8	1710.78	494.8	1916.33	
495.168	1976.61	495.168	1729.78	495.168	1912.33	
495.535	1985.61	495.535	1684.78	495.535	1927.33	
495.902	1963.61	495.902	1710.78	495.902	1899.33	
496.269	1966.61	496.269	1704.78	496.269	1881.33	
496.636	1953.61	496.636	1690.78	496.636	1859.33	
497.003	1923.61	497.003	1690.78	497.003	1844.33	
497.37	1934.61	497.37	1643.78	497.37	1849.33	
497.737	1873.61	497.737	1638.78	497.737	1828.33	
498.104	1916.61	498.104	1637.78	498.104	1828.33	
498.471	1883.61	498.471	1642.78	498.471	1796.33	
498.838	1873.61	498.838	1621.78	498.838	1810.33	
499.205	1859.61	499.205	1607.78	499.205	1802.33	
499.572	1856.61	499.572	1579.78	499.572	1754.33	
499.938	1823.61	499.938	1600.78	499.938	1759.33	
500.305	1808.61	500.305	1607.78	500.305	1786.33	
500.672	1827.61	500.672	1556.78	500.672	1744.33	
501.038	1806.61	501.038	1566.78	501.038	1688.33	
501.405	1783.61	501.405	1537.78	501.405	1690.33	
501.771	1763.61	501.771	1519.78	501.771	1660.33	
502.138	1736.61	502.138	1495.78	502.138	1671.33	
502.504	1720.61	502.504	1491.78	502.504	1670.33	
502.871	1721.61	502.871	1472.78	502.871	1660.33	
503.237	1683.61	503.237	1475.78	503.237	1639.33	
503.603	1658.61	503.603	1443.78	503.603	1577.33	
503.97	1652.61	503.97	1422.78	503.97	1581.33	
504.336	1634.61	504.336	1426.78	504.336	1597.33	
504.702	1613.61	504.702	1404.78	504.702	1549.33	
505.068	1602.61	505.068	1380.78	505.068	1539.33	
505.434	1612.61	505.434	1367.78	505.434	1535.33	
505.8	1554.61	505.8	1332.78	505.8	1468.33	
506.166	1539.61	506.166	1342.78	506.166	1466.33	
506.532	1510.61	506.532	1333.78	506.532	1462.33	
506.898	1496.61	506.898	1285.78	506.898	1436.33	
507.264	1447.61	507.264	1255.78	507.264	1454.33	
507.63	1460.61	507.63	1269.78	507.63	1376.33	
507.996	1444.61	507.996	1246.78	507.996	1378.33	
508.362	1435.61	508.362	1219.78	508.362	1335.33	
508.727	1389.61	508.727	1207.78	508.727	1342.33	
509.093	1399.61	509.093	1194.78	509.093	1351.33	
509.459	1363.61	509.459	1181.78	509.459	1321.33	
509.824	1352.61	509.824	1141.78	509.824	1259.33	
510.19	1326.61	510.19	1152.78	510.19	1252.33	
510.555	1305.61	510.555	1141.78	510.555	1262.33	
510.921	1281.61	510.921	1101.78	510.921	1229.33	
511.286	1282.61	511.286	1101.78	511.286	1222.33	
511.652	1226.61	511.652	1083.78	511.652	1194.33	
512.017	1208.61	512.017	1055.78	512.017	1184.33	
512.382	1212.61	512.382	1024.78	512.382	1134.33	
512.748	1163.61	512.748	1004.78	512.748	1122.33	
513.113	1153.61	513.113	1016.78	513.113	1134.33	
513.478	1178.61	513.478	1002.78	513.478	1107.33	
513.843	1126.61	513.843	967.78	513.843	1100.33	
514.208	1112.61	514.208	962.78	514.208	1077.33	
514.574	1112.61	514.574	960.78	514.574	1065.33	
514.939	1081.61	514.939	939.78	514.939	1046.33	
515.304	1063.61	515.304	897.78	515.304	1031.33	
515.668	1025.61	515.668	895.78	515.668	1009.33	
516.033	1040.61	516.033	898.78	516.033	998.33	
516.398	1017.61	516.398	903.78	516.398	970.33	
516.763	993.61	516.763	848.78	516.763	974.33	
517.128	993.61	517.128	846.78	517.128	935.33	
517.493	969.61	517.493	848.78	517.493	922.33	
517.857	937.61	517.857	820.78	517.857	911.33	
518.222	928.61	518.222	804.78	518.222	912.33	
518.587	912.61	518.587	786.78	518.587	882.33	
518.951	912.61	518.951	767.78	518.951	867.33	
519.316	886.61	519.316	772.78	519.316	844.33	
519.68	856.61	519.68	775.78	519.68	822.33	
520.045	873.61	520.045	767.78	520.045	833.33	
520.409	839.61	520.409	754.78	520.409	833.33	
520.773	856.61	520.773	748.78	520.773	810.33	
521.138	837.61	521.138	750.78	521.138	806.33	
521.502	823.61	521.502	737.78	521.502	807.33	
521.866	813.61	521.866	729.78	521.866	789.33	
522.23	815.61	522.23	704.78	522.23	774.33	
522.595	783.61	522.595	693.78	522.595	747.33	
522.959	772.61	522.959	674.78	522.959	742.33	
523.323	768.61	523.323	675.78	523.323	731.33	
523.687	783.61	523.687	666.78	523.687	741.33	
524.051	778.61	524.051	657.78	524.051	722.33	
524.415	763.61	524.415	659.78	524.415	731.33	
524.779	746.61	524.779	646.78	524.779	739.33	
525.143	736.61	525.143	621.78	525.143	686.33	
525.506	718.61	525.506	637.78	525.506	692.33	
525.87	732.61	525.87	638.78	525.87	699.33	
526.234	699.61	526.234	613.78	526.234	671.33	
526.598	703.61	526.598	620.78	526.598	672.33	
526.961	708.61	526.961	595.78	526.961	653.33	
527.325	687.61	527.325	604.78	527.325	659.33	
527.688	674.61	527.688	596.78	527.688	637.33	
528.052	671.61	528.052	597.78	528.052	646.33	
528.415	663.61	528.415	580.78	528.415	631.33	
528.779	658.61	528.779	586.78	528.779	635.33	
529.142	675.61	529.142	585.78	529.142	638.33	
529.506	648.61	529.506	570.78	529.506	635.33	
529.869	639.61	529.869	550.78	529.869	621.33	
530.232	642.61	530.232	576.78	530.232	641.33	
530.595	623.61	530.595	558.78	530.595	601.33	
530.959	635.61	530.959	553.78	530.959	609.33	
531.322	648.61	531.322	546.78	531.322	595.33	
531.685	607.61	531.685	525.78	531.685	579.33	
532.048	607.61	532.048	540.78	532.048	599.33	
532.411	603.61	532.411	524.78	532.411	583.33	
532.774	592.61	532.774	519.78	532.774	588.33	
533.137	581.61	533.137	532.78	533.137	568.33	
533.5	598.61	533.5	528.78	533.5	570.33	
533.863	580.61	533.863	520.78	533.863	559.33	
534.226	578.61	534.226	508.78	534.226	544.33	
534.588	574.61	534.588	516.78	534.588	555.33	
534.951	571.61	534.951	488.78	534.951	549.33	
535.314	554.61	535.314	512.78	535.314	543.33	
535.676	559.61	535.676	485.78	535.676	544.33	
536.039	555.61	536.039	494.78	536.039	531.33	
536.402	545.61	536.402	490.78	536.402	540.33	
536.764	559.61	536.764	495.78	536.764	528.33	
537.127	536.61	537.127	485.78	537.127	514.33	
537.489	539.61	537.489	490.78	537.489	519.33	
537.851	536.61	537.851	478.78	537.851	521.33	
538.214	537.61	538.214	475.78	538.214	501.33	
538.576	527.61	538.576	461.78	538.576	508.33	
538.938	523.61	538.938	445.78	538.938	493.33	
539.301	510.61	539.301	451.78	539.301	502.33	
539.663	523.61	539.663	457.78	539.663	496.33	
540.025	514.61	540.025	441.78	540.025	495.33	
540.387	511.61	540.387	451.78	540.387	486.33	
540.749	520.61	540.749	460.78	540.749	488.33	
541.111	507.61	541.111	444.78	541.111	479.33	
541.473	507.61	541.473	433.78	541.473	478.33	
541.835	487.61	541.835	434.78	541.835	468.33	
542.197	479.61	542.197	416.78	542.197	465.33	
542.559	480.61	542.559	424.78	542.559	466.33	
542.921	464.61	542.921	427.78	542.921	464.33	
543.282	474.61	543.282	421.78	543.282	455.33	
543.644	472.61	543.644	400.78	543.644	462.33	
544.006	462.61	544.006	404.78	544.006	456.33	
544.367	448.61	544.367	403.78	544.367	451.33	
544.729	454.61	544.729	392.78	544.729	420.33	
545.091	443.61	545.091	394.78	545.091	429.33	
545.452	436.61	545.452	388.78	545.452	419.33	
545.814	432.61	545.814	380.78	545.814	418.33	
546.175	427.61	546.175	386.78	546.175	424.33	
546.536	431.61	546.536	377.78	546.536	407.33	
546.898	429.61	546.898	374.78	546.898	402.33	
547.259	425.61	547.259	374.78	547.259	398.33	
547.62	422.61	547.62	372.78	547.62	400.33	
547.981	413.61	547.981	357.78	547.981	407.33	
548.343	394.61	548.343	360.78	548.343	388.33	
548.704	405.61	548.704	339.78	548.704	378.33	
549.065	385.61	549.065	359.78	549.065	374.33	
549.426	387.61	549.426	341.78	549.426	376.33	
549.787	388.61	549.787	333.78	549.787	367.33	
550.148	388.61	550.148	330.78	550.148	366.33	
550.509	374.61	550.509	323.78	550.509	366.33	
550.87	375.61	550.87	328.78	550.87	343.33	
551.231	370.61	551.231	318.78	551.231	338.33	
551.591	365.61	551.591	325.78	551.591	338.33	
551.952	352.61	551.952	301.78	551.952	345.33	
552.313	340.61	552.313	298.78	552.313	322.33	
552.673	340.61	552.673	298.78	552.673	322.33	
553.034	337.61	553.034	299.78	553.034	321.33	
553.395	337.61	553.395	296.78	553.395	314.33	
553.755	335.61	553.755	286.78	553.755	315.33	
554.116	322.61	554.116	283.78	554.116	308.33	
554.476	332.61	554.476	281.78	554.476	324.33	
554.837	310.61	554.837	285.78	554.837	301.33	
555.197	311.61	555.197	279.78	555.197	295.33	
555.557	301.61	555.557	279.78	555.557	293.33	
555.918	302.61	555.918	270.78	555.918	282.33	
556.278	299.61	556.278	272.78	556.278	286.33	
556.638	287.61	556.638	263.78	556.638	281.33	
556.998	288.61	556.998	253.78	556.998	264.33	
557.358	272.61	557.358	247.78	557.358	270.33	
557.718	277.61	557.718	256.78	557.718	270.33	
558.078	262.61	558.078	246.78	558.078	270.33	
558.438	259.61	558.438	235.78	558.438	259.33	
558.798	264.61	558.798	238.78	558.798	253.33	
559.158	249.61	559.158	223.78	559.158	243.33	
559.518	257.61	559.518	220.78	559.518	245.33	
559.878	260.61	559.878	226.78	559.878	236.33	
560.238	245.61	560.238	224.78	560.238	241.33	
560.597	238.61	560.597	222.78	560.597	225.33	
560.957	249.61	560.957	212.78	560.957	239.33	
561.317	233.61	561.317	209.78	561.317	224.33	
561.676	231.61	561.676	213.78	561.676	233.33	
562.036	241.61	562.036	203.78	562.036	226.33	
562.395	214.61	562.395	195.78	562.395	214.33	
562.755	231.61	562.755	207.78	562.755	210.33	
563.114	237.61	563.114	201.78	563.114	209.33	
563.474	214.61	563.474	191.78	563.474	206.33	
563.833	205.61	563.833	199.78	563.833	199.33	
564.192	214.61	564.192	186.78	564.192	199.33	
564.552	207.61	564.552	187.78	564.552	201.33	
564.911	213.61	564.911	180.78	564.911	197.33	
565.27	201.61	565.27	184.78	565.27	198.33	
565.629	215.61	565.629	191.78	565.629	204.33	
565.988	197.61	565.988	176.78	565.988	190.33	
566.347	196.61	566.347	187.78	566.347	199.33	
566.706	189.61	566.706	162.78	566.706	191.33	
567.065	206.61	567.065	167.78	567.065	177.33	
567.424	184.61	567.424	163.78	567.424	185.33	
567.783	185.61	567.783	167.78	567.783	177.33	
568.142	174.61	568.142	165.78	568.142	177.33	
568.501	172.61	568.501	159.78	568.501	181.33	
568.859	177.61	568.859	158.78	568.859	179.33	
569.218	186.61	569.218	155.78	569.218	164.33	
569.577	166.61	569.577	152.78	569.577	159.33	
569.935	172.61	569.935	153.78	569.935	168.33	
570.294	175.61	570.294	154.78	570.294	165.33	
570.653	167.61	570.653	151.78	570.653	158.33	
571.011	155.61	571.011	153.78	571.011	155.33	
571.369	159.61	571.369	148.78	571.369	155.33	
571.728	159.61	571.728	140.78	571.728	151.33	
572.086	158.61	572.086	145.78	572.086	157.33	
572.445	173.61	572.445	150.78	572.445	152.33	
572.803	159.61	572.803	147.78	572.803	154.33	
573.161	154.61	573.161	135.78	573.161	150.33	
573.519	157.61	573.519	139.78	573.519	147.33	
573.877	147.61	573.877	138.78	573.877	155.33	
574.236	143.61	574.236	138.78	574.236	142.33	
574.594	147.61	574.594	137.78	574.594	138.33	
574.952	151.61	574.952	139.78	574.952	141.33	
575.31	142.61	575.31	140.78	575.31	143.33	
575.668	142.61	575.668	132.78	575.668	147.33	
576.025	145.61	576.025	134.78	576.025	139.33	
576.383	136.61	576.383	124.78	576.383	140.33	
576.741	129.61	576.741	118.78	576.741	133.33	
577.099	131.61	577.099	133.78	577.099	136.33	
577.457	134.61	577.457	119.78	577.457	138.33	
577.814	132.61	577.814	130.78	577.814	130.33	
578.172	133.61	578.172	123.78	578.172	134.33	
578.529	136.61	578.529	125.78	578.529	130.33	
578.887	142.61	578.887	124.78	578.887	131.33	
579.245	133.61	579.245	129.78	579.245	132.33	
579.602	132.61	579.602	121.78	579.602	139.33	
579.959	128.61	579.959	116.78	579.959	127.33	
580.317	129.61	580.317	120.78	580.317	127.33	
580.674	128.61	580.674	114.78	580.674	123.33	
581.031	130.61	581.031	120.78	581.031	121.33	
581.389	132.61	581.389	121.78	581.389	126.33	
581.746	132.61	581.746	116.78	581.746	120.33	
582.103	127.61	582.103	124.78	582.103	119.33	
582.46	120.61	582.46	112.78	582.46	124.33	
582.817	127.61	582.817	118.78	582.817	114.33	
583.174	121.61	583.174	104.78	583.174	118.33	
583.531	118.61	583.531	114.78	583.531	122.33	
583.888	129.61	583.888	115.78	583.888	124.33	
584.245	121.61	584.245	116.78	584.245	108.33	
584.602	114.61	584.602	103.78	584.602	114.33	
584.959	121.61	584.959	119.78	584.959	123.33	
585.316	118.61	585.316	103.78	585.316	115.33	
585.672	121.61	585.672	109.78	585.672	116.33	
586.029	123.61	586.029	117.78	586.029	122.33	
586.386	119.61	586.386	110.78	586.386	114.33	
586.742	110.61	586.742	107.78	586.742	114.33	
587.099	117.61	587.099	109.78	587.099	108.33	
587.455	111.61	587.455	104.78	587.455	111.33	
587.812	114.61	587.812	108.78	587.812	113.33	
588.168	117.61	588.168	108.78	588.168	106.33	
588.525	111.61	588.525	106.78	588.525	113.33	
588.881	112.61	588.881	102.78	588.881	104.33	
589.237	121.61	589.237	102.78	589.237	110.33	
589.593	103.61	589.593	103.78	589.593	105.33	
589.95	115.61	589.95	102.78	589.95	99.33	
590.306	116.61	590.306	104.78	590.306	119.33	
590.662	106.61	590.662	105.78	590.662	101.33	
591.018	96.61	591.018	95.78	591.018	101.33	
591.374	108.61	591.374	97.78	591.374	104.33	
591.73	102.61	591.73	105.78	591.73	106.33	
592.086	108.61	592.086	100.78	592.086	104.33	
592.442	106.61	592.442	101.78	592.442	105.33	
592.798	101.61	592.798	88.78	592.798	98.33	
593.154	92.61	593.154	101.78	593.154	103.33	
593.509	99.61	593.509	89.78	593.509	100.33	
593.865	95.61	593.865	87.78	593.865	101.33	
594.221	104.61	594.221	96.78	594.221	107.33	
594.576	93.61	594.576	96.78	594.576	96.33	
594.932	92.61	594.932	90.78	594.932	99.33	
595.288	102.61	595.288	99.78	595.288	91.33	
595.643	94.61	595.643	90.78	595.643	98.33	
595.999	107.61	595.999	97.78	595.999	95.33	
596.354	89.61	596.354	88.78	596.354	88.33	
596.709	95.61	596.709	94.78	596.709	89.33	
597.065	94.61	597.065	87.78	597.065	96.33	
597.42	90.61	597.42	91.78	597.42	90.33	
597.775	91.61	597.775	87.78	597.775	91.33	
598.131	88.61	598.131	88.78	598.131	93.33	
598.486	87.61	598.486	92.78	598.486	85.33	
598.841	91.61	598.841	81.78	598.841	88.33	
599.196	93.61	599.196	86.78	599.196	89.33	
599.551	99.61	599.551	83.78	599.551	81.33	
599.906	96.61	599.906	80.78	599.906	90.33	
600.261	89.61	600.261	91.78	600.261	90.33	
600.616	84.61	600.616	85.78	600.616	84.33	
600.971	87.61	600.971	83.78	600.971	88.33	
601.326	97.61	601.326	78.78	601.326	88.33	
601.68	89.61	601.68	74.78	601.68	89.33	
602.035	85.61	602.035	80.78	602.035	80.33	
602.39	89.61	602.39	88.78	602.39	85.33	
602.744	82.61	602.744	80.78	602.744	82.33	
603.099	83.61	603.099	77.78	603.099	74.33	
603.454	83.61	603.454	75.78	603.454	74.33	
603.808	78.61	603.808	75.78	603.808	78.33	
604.163	82.61	604.163	74.78	604.163	82.33	
604.517	82.61	604.517	78.78	604.517	80.33	
604.871	75.61	604.871	75.78	604.871	76.33	
605.226	71.61	605.226	73.78	605.226	78.33	
605.58	74.61	605.58	71.78	605.58	77.33	
605.934	82.61	605.934	72.78	605.934	71.33	
606.289	80.61	606.289	72.78	606.289	68.33	
606.643	79.61	606.643	73.78	606.643	75.33	
606.997	75.61	606.997	72.78	606.997	70.33	
607.351	69.61	607.351	75.78	607.351	73.33	
607.705	77.61	607.705	72.78	607.705	81.33	
608.059	78.61	608.059	71.78	608.059	78.33	
608.413	80.61	608.413	72.78	608.413	66.33	
608.767	65.61	608.767	72.78	608.767	71.33	
609.121	71.61	609.121	64.78	609.121	71.33	
609.474	68.61	609.474	72.78	609.474	73.33	
609.828	70.61	609.828	69.78	609.828	72.33	
610.182	69.61	610.182	70.78	610.182	66.33	
610.536	74.61	610.536	63.78	610.536	73.33	
610.889	75.61	610.889	67.78	610.889	69.33	
611.243	66.61	611.243	68.78	611.243	66.33	
611.597	63.61	611.597	64.78	611.597	66.33	
611.95	66.61	611.95	72.78	611.95	70.33	
612.303	62.61	612.303	64.78	612.303	73.33	
612.657	62.61	612.657	65.78	612.657	67.33	
613.01	67.61	613.01	69.78	613.01	61.33	
613.364	63.61	613.364	60.78	613.364	68.33	
613.717	52.61	613.717	61.78	613.717	59.33	
614.07	67.61	614.07	59.78	614.07	58.33	
614.423	65.61	614.423	74.78	614.423	67.33	
614.777	61.61	614.777	65.78	614.777	54.33	
615.13	66.61	615.13	66.78	615.13	53.33	
615.483	62.61	615.483	57.78	615.483	58.33	
615.836	61.61	615.836	60.78	615.836	62.33	
616.189	65.61	616.189	60.78	616.189	59.33	
616.542	60.61	616.542	59.78	616.542	57.33	
616.895	54.61	616.895	59.78	616.895	64.33	
617.247	65.61	617.247	63.78	617.247	57.33	
617.6	53.61	617.6	58.78	617.6	61.33	
617.953	72.61	617.953	58.78	617.953	59.33	
618.306	53.61	618.306	59.78	618.306	57.33	
618.658	65.61	618.658	63.78	618.658	52.33	
619.011	63.61	619.011	63.78	619.011	61.33	
619.364	57.61	619.364	52.78	619.364	53.33	
619.716	54.61	619.716	59.78	619.716	50.33	
620.069	55.61	620.069	55.78	620.069	56.33	
620.421	53.61	620.421	53.78	620.421	68.33	
620.774	55.61	620.774	51.78	620.774	55.33	
621.126	60.61	621.126	61.78	621.126	56.33	
621.478	60.61	621.478	55.78	621.478	51.33	
621.831	57.61	621.831	46.78	621.831	50.33	
622.183	48.61	622.183	52.78	622.183	47.33	
622.535	53.61	622.535	51.78	622.535	46.33	
622.887	52.61	622.887	54.78	622.887	55.33	
623.239	55.61	623.239	44.78	623.239	56.33	
623.591	44.61	623.591	48.78	623.591	54.33	
623.943	50.61	623.943	51.78	623.943	47.33	
624.295	51.61	624.295	48.78	624.295	48.33	
624.647	58.61	624.647	58.78	624.647	48.33	
624.999	52.61	624.999	50.78	624.999	46.33	
625.351	52.61	625.351	43.78	625.351	52.33	
625.703	50.61	625.703	46.78	625.703	50.33	
626.055	46.61	626.055	48.78	626.055	53.33	
626.406	51.61	626.406	47.78	626.406	46.33	
626.758	50.61	626.758	48.78	626.758	54.33	
627.11	53.61	627.11	51.78	627.11	58.33	
627.461	50.61	627.461	45.78	627.461	53.33	
627.813	48.61	627.813	46.78	627.813	46.33	
628.164	52.61	628.164	55.78	628.164	53.33	
628.516	56.61	628.516	46.78	628.516	51.33	
628.867	52.61	628.867	43.78	628.867	55.33	
629.218	45.61	629.218	55.78	629.218	48.33	
629.57	44.61	629.57	53.78	629.57	47.33	
629.921	48.61	629.921	44.78	629.921	44.33	
630.272	45.61	630.272	49.78	630.272	45.33	
630.623	47.61	630.623	45.78	630.623	46.33	
630.975	53.61	630.975	47.78	630.975	47.33	
631.326	41.61	631.326	52.78	631.326	53.33	
631.677	47.61	631.677	46.78	631.677	43.33	
632.028	43.61	632.028	41.78	632.028	38.33	
632.379	50.61	632.379	42.78	632.379	54.33	
632.73	42.61	632.73	47.78	632.73	41.33	
633.08	45.61	633.08	50.78	633.08	41.33	
633.431	49.61	633.431	44.78	633.431	50.33	
633.782	47.61	633.782	44.78	633.782	52.33	
634.133	47.61	634.133	38.78	634.133	41.33	
634.484	37.61	634.484	41.78	634.484	47.33	
634.834	42.61	634.834	50.78	634.834	42.33	
635.185	48.61	635.185	45.78	635.185	51.33	
635.535	43.61	635.535	50.78	635.535	48.33	
635.886	47.61	635.886	47.78	635.886	45.33	
636.236	43.61	636.236	41.78	636.236	45.33	
636.587	46.61	636.587	44.78	636.587	43.33	
636.937	42.61	636.937	52.78	636.937	43.33	
637.287	47.61	637.287	45.78	637.287	44.33	
637.638	46.61	637.638	43.78	637.638	41.33	
637.988	42.61	637.988	44.78	637.988	45.33	
638.338	42.61	638.338	44.78	638.338	41.33	
638.688	44.61	638.688	44.78	638.688	41.33	
639.039	50.61	639.039	40.78	639.039	46.33	
639.389	40.61	639.389	43.78	639.389	43.33	
639.739	39.61	639.739	43.78	639.739	41.33	
640.089	45.61	640.089	42.78	640.089	48.33	
640.439	38.61	640.439	40.78	640.439	43.33	
640.788	43.61	640.788	48.78	640.788	43.33	
641.138	46.61	641.138	44.78	641.138	37.33	
641.488	40.61	641.488	38.78	641.488	34.33	
641.838	52.61	641.838	34.78	641.838	38.33	
642.188	43.61	642.188	41.78	642.188	43.33	
642.537	47.61	642.537	44.78	642.537	40.33	
642.887	39.61	642.887	44.78	642.887	41.33	
643.236	53.61	643.236	51.78	643.236	45.33	
643.586	38.61	643.586	39.78	643.586	44.33	
643.936	44.61	643.936	40.78	643.936	37.33	
644.285	49.61	644.285	44.78	644.285	38.33	
644.634	47.61	644.634	43.78	644.634	42.33	
644.984	37.61	644.984	41.78	644.984	42.33	
645.333	43.61	645.333	42.78	645.333	37.33	
645.682	39.61	645.682	37.78	645.682	44.33	
646.032	45.61	646.032	46.78	646.032	50.33	
646.381	44.61	646.381	48.78	646.381	37.33	
646.73	35.61	646.73	41.78	646.73	35.33	
647.079	40.61	647.079	33.78	647.079	35.33	
647.428	39.61	647.428	43.78	647.428	47.33	
647.777	40.61	647.777	37.78	647.777	43.33	
648.126	38.61	648.126	41.78	648.126	44.33	
648.475	47.61	648.475	47.78	648.475	40.33	
648.824	37.61	648.824	39.78	648.824	36.33	
649.173	37.61	649.173	34.78	649.173	39.33	
649.521	45.61	649.521	41.78	649.521	38.33	
649.87	50.61	649.87	40.78	649.87	36.33	
650.219	39.61	650.219	38.78	650.219	39.33	
650.567	40.61	650.567	41.78	650.567	38.33	
650.916	33.61	650.916	43.78	650.916	36.33	
651.265	36.61	651.265	33.78	651.265	44.33	
651.613	41.61	651.613	43.78	651.613	42.33	
651.962	35.61	651.962	42.78	651.962	38.33	
652.31	40.61	652.31	46.78	652.31	39.33	
652.658	34.61	652.658	35.78	652.658	44.33	
653.007	38.61	653.007	38.78	653.007	41.33	
653.355	44.61	653.355	41.78	653.355	39.33	
653.703	38.61	653.703	38.78	653.703	35.33	
654.052	43.61	654.052	38.78	654.052	41.33	
654.4	37.61	654.4	38.78	654.4	35.33	
654.748	48.61	654.748	40.78	654.748	43.33	
655.096	36.61	655.096	32.78	655.096	36.33	
655.444	29.61	655.444	38.78	655.444	37.33	
655.792	32.61	655.792	40.78	655.792	38.33	
656.14	38.61	656.14	44.78	656.14	41.33	
656.488	38.61	656.488	43.78	656.488	34.33	
656.836	34.61	656.836	42.78	656.836	38.33	
657.183	38.61	657.183	40.78	657.183	37.33	
657.531	36.61	657.531	43.78	657.531	40.33	
657.879	36.61	657.879	37.78	657.879	40.33	
658.226	38.61	658.226	39.78	658.226	35.33	
658.574	41.61	658.574	27.78	658.574	36.33	
658.922	38.61	658.922	42.78	658.922	32.33	
659.269	41.61	659.269	35.78	659.269	33.33	
659.617	35.61	659.617	36.78	659.617	39.33	
659.964	36.61	659.964	40.78	659.964	37.33	
660.311	37.61	660.311	35.78	660.311	40.33	
660.659	44.61	660.659	40.78	660.659	38.33	
661.006	35.61	661.006	36.78	661.006	38.33	
661.353	30.61	661.353	32.78	661.353	33.33	
661.701	38.61	661.701	42.78	661.701	30.33	
662.048	38.61	662.048	38.78	662.048	45.33	
662.395	37.61	662.395	38.78	662.395	41.33	
662.742	35.61	662.742	44.78	662.742	32.33	
663.089	39.61	663.089	38.78	663.089	35.33	
663.436	36.61	663.436	40.78	663.436	34.33	
663.783	37.61	663.783	31.78	663.783	38.33	
664.13	32.61	664.13	35.78	664.13	35.33	
664.477	42.61	664.477	36.78	664.477	39.33	
664.824	36.61	664.824	38.78	664.824	33.33	
665.17	36.61	665.17	36.78	665.17	36.33	
665.517	30.61	665.517	33.78	665.517	40.33	
665.864	34.61	665.864	45.78	665.864	26.33	
666.21	40.61	666.21	40.78	666.21	36.33	
666.557	33.61	666.557	36.78	666.557	38.33	
666.903	31.61	666.903	38.78	666.903	31.33	
667.25	37.61	667.25	31.78	667.25	35.33	
667.596	29.61	667.596	34.78	667.596	30.33	
667.943	33.61	667.943	33.78	667.943	31.33	
668.289	38.61	668.289	35.78	668.289	32.33	
668.635	36.61	668.635	35.78	668.635	34.33	
668.982	33.61	668.982	37.78	668.982	28.33	
669.328	36.61	669.328	34.78	669.328	38.33	
669.674	31.61	669.674	38.78	669.674	31.33	
670.02	34.61	670.02	33.78	670.02	34.33	
670.366	31.61	670.366	38.78	670.366	38.33	
670.712	38.61	670.712	32.78	670.712	35.33	
671.058	34.61	671.058	38.78	671.058	37.33	
671.404	36.61	671.404	35.78	671.404	35.33	
671.75	38.61	671.75	33.78	671.75	36.33	
672.096	37.61	672.096	35.78	672.096	36.33	
672.442	37.61	672.442	30.78	672.442	32.33	
672.788	34.61	672.788	35.78	672.788	35.33	
673.133	28.61	673.133	27.78	673.133	38.33	
673.479	37.61	673.479	34.78	673.479	34.33	
673.825	35.61	673.825	34.78	673.825	28.33	
674.17	36.61	674.17	38.78	674.17	27.33	
674.516	31.61	674.516	40.78	674.516	32.33	
674.861	36.61	674.861	34.78	674.861	33.33	
675.207	35.61	675.207	35.78	675.207	35.33	
675.552	30.61	675.552	29.78	675.552	33.33	
675.898	37.61	675.898	32.78	675.898	31.33	
676.243	36.61	676.243	24.78	676.243	24.33	
676.588	26.61	676.588	27.78	676.588	32.33	
676.933	30.61	676.933	38.78	676.933	33.33	
677.279	29.61	677.279	27.78	677.279	29.33	
677.624	35.61	677.624	31.78	677.624	28.33	
677.969	37.61	677.969	31.78	677.969	34.33	
678.314	32.61	678.314	37.78	678.314	30.33	
678.659	32.61	678.659	34.78	678.659	25.33	
679.004	33.61	679.004	37.78	679.004	34.33	
679.349	29.61	679.349	33.78	679.349	29.33	
679.694	29.61	679.694	35.78	679.694	31.33	
680.038	34.61	680.038	33.78	680.038	35.33	
680.383	32.61	680.383	34.78	680.383	34.33	
680.728	38.61	680.728	39.78	680.728	34.33	
681.073	28.61	681.073	33.78	681.073	35.33	
681.417	39.61	681.417	40.78	681.417	34.33	
681.762	32.61	681.762	33.78	681.762	29.33	
682.106	30.61	682.106	27.78	682.106	32.33	
682.451	31.61	682.451	32.78	682.451	31.33	
682.795	38.61	682.795	31.78	682.795	31.33	
683.14	32.61	683.14	33.78	683.14	36.33	
683.484	39.61	683.484	36.78	683.484	32.33	
683.828	36.61	683.828	40.78	683.828	33.33	
684.173	37.61	684.173	35.78	684.173	30.33	
684.517	34.61	684.517	33.78	684.517	34.33	
684.861	33.61	684.861	30.78	684.861	38.33	
685.205	34.61	685.205	34.78	685.205	32.33	
685.549	38.61	685.549	34.78	685.549	36.33	
685.893	35.61	685.893	36.78	685.893	32.33	
686.237	40.61	686.237	33.78	686.237	36.33	
686.581	28.61	686.581	31.78	686.581	33.33	
686.925	30.61	686.925	30.78	686.925	32.33	
687.269	28.61	687.269	31.78	687.269	31.33	
687.613	35.61	687.613	47.78	687.613	34.33	
687.957	34.61	687.957	35.78	687.957	30.33	
688.301	34.61	688.301	35.78	688.301	30.33	
688.644	39.61	688.644	38.78	688.644	35.33	
688.988	31.61	688.988	32.78	688.988	30.33	
689.331	34.61	689.331	39.78	689.331	32.33	
689.675	31.61	689.675	37.78	689.675	33.33	
690.018	30.61	690.018	38.78	690.018	33.33	
690.362	27.61	690.362	31.78	690.362	28.33	
690.705	34.61	690.705	40.78	690.705	45.33	
691.049	35.61	691.049	30.78	691.049	28.33	
691.392	32.61	691.392	32.78	691.392	31.33	
691.735	33.61	691.735	36.78	691.735	33.33	
692.079	35.61	692.079	35.78	692.079	28.33	
692.422	41.61	692.422	40.78	692.422	38.33	
692.765	32.61	692.765	34.78	692.765	32.33	
693.108	28.61	693.108	35.78	693.108	25.33	
693.451	37.61	693.451	30.78	693.451	29.33	
693.794	38.61	693.794	33.78	693.794	28.33	
694.137	29.61	694.137	38.78	694.137	28.33	
694.48	34.61	694.48	32.78	694.48	24.33	
694.823	31.61	694.823	36.78	694.823	39.33	
695.165	33.61	695.165	34.78	695.165	33.33	
695.508	35.61	695.508	34.78	695.508	31.33	
695.851	28.61	695.851	30.78	695.851	30.33	
696.194	28.61	696.194	33.78	696.194	32.33	
696.536	33.61	696.536	38.78	696.536	27.33	
696.879	32.61	696.879	31.78	696.879	27.33	
697.221	29.61	697.221	29.78	697.221	33.33	
697.564	31.61	697.564	33.78	697.564	35.33	
697.906	26.61	697.906	27.78	697.906	33.33	
698.249	36.61	698.249	32.78	698.249	31.33	
698.591	30.61	698.591	26.78	698.591	27.33	
698.933	28.61	698.933	30.78	698.933	30.33	
699.276	29.61	699.276	31.78	699.276	32.33	
699.618	28.61	699.618	32.78	699.618	25.33	
699.96	28.61	699.96	32.78	699.96	29.33	
700.302	26.61	700.302	40.78	700.302	37.33	
700.644	29.61	700.644	28.78	700.644	33.33	
700.986	33.61	700.986	35.78	700.986	32.33	
701.328	35.61	701.328	35.78	701.328	32.33	
701.67	37.61	701.67	40.78	701.67	31.33	
702.012	34.61	702.012	31.78	702.012	32.33	
702.354	36.61	702.354	32.78	702.354	33.33	
702.696	36.61	702.696	31.78	702.696	25.33	
703.038	33.61	703.038	33.78	703.038	33.33	
703.379	28.61	703.379	36.78	703.379	32.33	
703.721	34.61	703.721	22.78	703.721	26.33	
704.063	30.61	704.063	32.78	704.063	33.33	
704.404	32.61	704.404	26.78	704.404	32.33	
704.746	34.61	704.746	29.78	704.746	32.33	
705.087	29.61	705.087	35.78	705.087	35.33	
705.429	39.61	705.429	39.78	705.429	34.33	
705.77	35.61	705.77	31.78	705.77	22.33	
706.111	33.61	706.111	34.78	706.111	26.33	
706.453	35.61	706.453	33.78	706.453	26.33	
706.794	32.61	706.794	27.78	706.794	29.33	
707.135	31.61	707.135	35.78	707.135	35.33	
707.476	30.61	707.476	27.78	707.476	31.33	
707.817	34.61	707.817	36.78	707.817	31.33	
708.158	33.61	708.158	34.78	708.158	29.33	
708.5	30.61	708.5	30.78	708.5	38.33	
708.84	37.61	708.84	31.78	708.84	36.33	
709.181	30.61	709.181	29.78	709.181	32.33	
709.522	31.61	709.522	30.78	709.522	30.33	
709.863	32.61	709.863	32.78	709.863	32.33	
710.204	34.61	710.204	39.78	710.204	27.33	
710.545	34.61	710.545	31.78	710.545	29.33	
710.885	28.61	710.885	42.78	710.885	29.33	
711.226	32.61	711.226	30.78	711.226	36.33	
711.567	27.61	711.567	30.78	711.567	31.33	
711.907	30.61	711.907	31.78	711.907	34.33	
712.248	29.61	712.248	33.78	712.248	28.33	
712.588	20.61	712.588	31.78	712.588	32.33	
712.929	36.61	712.929	31.78	712.929	32.33	
713.269	30.61	713.269	34.78	713.269	31.33	
713.609	28.61	713.609	34.78	713.609	25.33	
713.95	26.61	713.95	29.78	713.95	30.33	
714.29	30.61	714.29	28.78	714.29	34.33	
714.63	30.61	714.63	33.78	714.63	31.33	
714.97	32.61	714.97	30.78	714.97	28.33	
715.31	33.61	715.31	30.78	715.31	34.33	
715.65	29.61	715.65	25.78	715.65	31.33	
715.99	36.61	715.99	29.78	715.99	37.33	
716.33	35.61	716.33	29.78	716.33	29.33	
716.67	36.61	716.67	37.78	716.67	29.33	
717.01	35.61	717.01	35.78	717.01	30.33	
717.35	31.61	717.35	31.78	717.35	29.33	
717.69	23.61	717.69	30.78	717.69	29.33	
718.029	32.61	718.029	32.78	718.029	29.33	
718.369	29.61	718.369	30.78	718.369	24.33	
718.709	27.61	718.709	31.78	718.709	29.33	
719.048	26.61	719.048	31.78	719.048	33.33	
719.388	21.61	719.388	26.78	719.388	28.33	
719.727	32.61	719.727	30.78	719.727	28.33	
720.067	22.61	720.067	29.78	720.067	29.33	
720.406	32.61	720.406	38.78	720.406	28.33	
720.746	30.61	720.746	26.78	720.746	36.33	
721.085	30.61	721.085	36.78	721.085	36.33	
721.424	28.61	721.424	34.78	721.424	35.33	
721.763	28.61	721.763	30.78	721.763	30.33	
722.103	26.61	722.103	30.78	722.103	40.33	
722.442	29.61	722.442	31.78	722.442	28.33	
722.781	33.61	722.781	31.78	722.781	27.33	
723.12	33.61	723.12	36.78	723.12	32.33	
723.459	31.61	723.459	31.78	723.459	28.33	
723.798	33.61	723.798	35.78	723.798	29.33	
724.137	26.61	724.137	33.78	724.137	28.33	
724.476	28.61	724.476	33.78	724.476	24.33	
724.814	28.61	724.814	29.78	724.814	32.33	
725.153	26.61	725.153	28.78	725.153	30.33	
725.492	28.61	725.492	31.78	725.492	34.33	
725.83	27.61	725.83	33.78	725.83	30.33	
726.169	29.61	726.169	31.78	726.169	25.33	
726.508	28.61	726.508	29.78	726.508	32.33	
726.846	27.61	726.846	35.78	726.846	24.33	
727.185	31.61	727.185	30.78	727.185	30.33	
727.523	29.61	727.523	23.78	727.523	28.33	
727.861	33.61	727.861	30.78	727.861	33.33	
728.2	28.61	728.2	32.78	728.2	32.33	
728.538	26.61	728.538	33.78	728.538	26.33	
728.876	29.61	728.876	30.78	728.876	37.33	
729.215	31.61	729.215	30.78	729.215	29.33	
729.553	31.61	729.553	32.78	729.553	28.33	
729.891	28.61	729.891	31.78	729.891	30.33	
730.229	42.61	730.229	34.78	730.229	38.33	
730.567	29.61	730.567	30.78	730.567	30.33	
730.905	26.61	730.905	35.78	730.905	26.33	
731.243	29.61	731.243	30.78	731.243	30.33	
731.581	31.61	731.581	32.78	731.581	30.33	
731.918	27.61	731.918	28.78	731.918	31.33	
732.256	32.61	732.256	34.78	732.256	22.33	
732.594	30.61	732.594	32.78	732.594	37.33	
732.932	39.61	732.932	34.78	732.932	28.33	
733.269	31.61	733.269	31.78	733.269	28.33	
733.607	32.61	733.607	31.78	733.607	28.33	
733.944	28.61	733.944	31.78	733.944	30.33	
734.282	29.61	734.282	33.78	734.282	33.33	
734.619	30.61	734.619	32.78	734.619	24.33	
734.957	36.61	734.957	33.78	734.957	36.33	
735.294	29.61	735.294	35.78	735.294	19.33	
735.631	20.61	735.631	34.78	735.631	21.33	
735.969	27.61	735.969	34.78	735.969	31.33	
736.306	37.61	736.306	30.78	736.306	30.33	
736.643	26.61	736.643	35.78	736.643	28.33	
736.98	30.61	736.98	30.78	736.98	33.33	
737.317	24.61	737.317	33.78	737.317	26.33	
737.654	30.61	737.654	37.78	737.654	29.33	
737.991	33.61	737.991	40.78	737.991	35.33	
738.328	34.61	738.328	30.78	738.328	26.33	
738.665	31.61	738.665	29.78	738.665	32.33	
739.002	31.61	739.002	34.78	739.002	32.33	
739.339	30.61	739.339	32.78	739.339	32.33	
739.676	27.61	739.676	37.78	739.676	28.33	
740.012	25.61	740.012	32.78	740.012	29.33	
740.349	30.61	740.349	33.78	740.349	30.33	
740.685	27.61	740.685	35.78	740.685	29.33	
741.022	27.61	741.022	32.78	741.022	33.33	
741.359	32.61	741.359	30.78	741.359	29.33	
741.695	27.61	741.695	33.78	741.695	34.33	
742.031	24.61	742.031	33.78	742.031	35.33	
742.368	33.61	742.368	30.78	742.368	32.33	
742.704	34.61	742.704	31.78	742.704	35.33	
743.04	26.61	743.04	31.78	743.04	29.33	
743.377	28.61	743.377	31.78	743.377	33.33	
743.713	31.61	743.713	33.78	743.713	30.33	
744.049	34.61	744.049	33.78	744.049	26.33	
744.385	29.61	744.385	37.78	744.385	32.33	
744.721	26.61	744.721	34.78	744.721	25.33	
745.057	29.61	745.057	27.78	745.057	33.33	
745.393	28.61	745.393	36.78	745.393	29.33	
745.729	29.61	745.729	30.78	745.729	26.33	
746.065	24.61	746.065	32.78	746.065	31.33	
746.401	29.61	746.401	27.78	746.401	38.33	
746.736	30.61	746.736	27.78	746.736	33.33	
747.072	37.61	747.072	37.78	747.072	30.33	
747.408	28.61	747.408	28.78	747.408	30.33	
747.743	34.61	747.743	30.78	747.743	30.33	
748.079	28.61	748.079	30.78	748.079	24.33	
748.415	31.61	748.415	39.78	748.415	31.33	
748.75	26.61	748.75	32.78	748.75	29.33	
749.085	27.61	749.085	32.78	749.085	28.33	
749.421	33.61	749.421	31.78	749.421	28.33	
749.756	32.61	749.756	31.78	749.756	26.33	
750.091	27.61	750.091	36.78	750.091	28.33	
750.427	27.61	750.427	28.78	750.427	31.33	
750.762	25.61	750.762	28.78	750.762	31.33	
751.097	35.61	751.097	31.78	751.097	27.33	
751.432	30.61	751.432	34.78	751.432	31.33	
751.767	33.61	751.767	32.78	751.767	43.33	
752.102	32.61	752.102	32.78	752.102	30.33	
752.437	31.61	752.437	23.78	752.437	35.33	
752.772	35.61	752.772	31.78	752.772	31.33	
753.107	35.61	753.107	33.78	753.107	27.33	
753.442	27.61	753.442	28.78	753.442	31.33	
753.777	26.61	753.777	27.78	753.777	34.33	
754.111	34.61	754.111	31.78	754.111	27.33	
754.446	30.61	754.446	28.78	754.446	28.33	
754.781	27.61	754.781	29.78	754.781	35.33	
755.115	29.61	755.115	28.78	755.115	28.33	
755.45	27.61	755.45	27.78	755.45	25.33	
755.784	24.61	755.784	30.78	755.784	25.33	
756.119	28.61	756.119	28.78	756.119	31.33	
756.453	31.61	756.453	26.78	756.453	30.33	
756.787	23.61	756.787	32.78	756.787	29.33	
757.122	32.61	757.122	35.78	757.122	32.33	
757.456	31.61	757.456	31.78	757.456	32.33	
757.79	30.61	757.79	32.78	757.79	29.33	
758.124	25.61	758.124	31.78	758.124	29.33	
758.459	32.61	758.459	30.78	758.459	34.33	
758.793	31.61	758.793	33.78	758.793	28.33	
759.127	31.61	759.127	33.78	759.127	26.33	
759.461	34.61	759.461	30.78	759.461	32.33	
759.794	32.61	759.794	33.78	759.794	30.33	
760.128	24.61	760.128	32.78	760.128	33.33	
760.462	28.61	760.462	31.78	760.462	35.33	
760.796	28.61	760.796	31.78	760.796	32.33	
761.13	25.61	761.13	31.78	761.13	35.33	
761.463	31.61	761.463	34.78	761.463	29.33	
761.797	27.61	761.797	28.78	761.797	30.33	
762.131	35.61	762.131	31.78	762.131	36.33	
762.464	28.61	762.464	29.78	762.464	27.33	
762.798	27.61	762.798	28.78	762.798	28.33	
763.131	32.61	763.131	32.78	763.131	27.33	
763.465	28.61	763.465	27.78	763.465	31.33	
763.798	30.61	763.798	29.78	763.798	31.33	
764.131	26.61	764.131	31.78	764.131	26.33	
764.464	25.61	764.464	36.78	764.464	29.33	
764.798	32.61	764.798	32.78	764.798	28.33	
765.131	33.61	765.131	32.78	765.131	35.33	
765.464	31.61	765.464	32.78	765.464	31.33	
765.797	33.61	765.797	28.78	765.797	31.33	
766.13	27.61	766.13	26.78	766.13	28.33	
766.463	27.61	766.463	31.78	766.463	26.33	
766.796	25.61	766.796	28.78	766.796	29.33	
767.129	27.61	767.129	31.78	767.129	24.33	
767.462	27.61	767.462	27.78	767.462	26.33	
767.794	35.61	767.794	34.78	767.794	35.33	
768.127	39.61	768.127	29.78	768.127	25.33	
768.46	27.61	768.46	32.78	768.46	29.33	
768.793	27.61	768.793	25.78	768.793	33.33	
769.125	28.61	769.125	28.78	769.125	30.33	
769.458	30.61	769.458	31.78	769.458	33.33	
769.79	29.61	769.79	29.78	769.79	33.33	
770.123	30.61	770.123	30.78	770.123	31.33	
770.455	34.61	770.455	26.78	770.455	32.33	
770.787	30.61	770.787	31.78	770.787	27.33	
771.12	30.61	771.12	35.78	771.12	28.33	
771.452	32.61	771.452	34.78	771.452	33.33	
771.784	30.61	771.784	34.78	771.784	32.33	
772.116	28.61	772.116	31.78	772.116	30.33	
772.448	21.61	772.448	33.78	772.448	30.33	
772.781	25.61	772.781	33.78	772.781	21.33	
773.113	26.61	773.113	33.78	773.113	38.33	
773.445	20.61	773.445	30.78	773.445	23.33	
773.776	34.61	773.776	35.78	773.776	28.33	
774.108	34.61	774.108	34.78	774.108	29.33	
774.44	28.61	774.44	34.78	774.44	29.33	
774.772	27.61	774.772	31.78	774.772	24.33	
775.104	34.61	775.104	40.78	775.104	30.33	
775.435	30.61	775.435	35.78	775.435	32.33	
775.767	28.61	775.767	23.78	775.767	32.33	
776.099	28.61	776.099	38.78	776.099	33.33	
776.43	22.61	776.43	33.78	776.43	29.33	
776.762	36.61	776.762	28.78	776.762	26.33	
777.093	33.61	777.093	35.78	777.093	29.33	
777.425	30.61	777.425	31.78	777.425	28.33	
777.756	35.61	777.756	33.78	777.756	27.33	
778.087	29.61	778.087	36.78	778.087	34.33	
778.418	32.61	778.418	36.78	778.418	31.33	
778.75	34.61	778.75	28.78	778.75	26.33	
779.081	26.61	779.081	41.78	779.081	28.33	
779.412	33.61	779.412	35.78	779.412	34.33	
779.743	27.61	779.743	35.78	779.743	30.33	
780.074	29.61	780.074	33.78	780.074	30.33	
780.405	40.61	780.405	34.78	780.405	34.33	
780.736	28.61	780.736	38.78	780.736	35.33	
781.067	22.61	781.067	35.78	781.067	32.33	
781.398	21.61	781.398	34.78	781.398	36.33	
781.728	30.61	781.728	29.78	781.728	36.33	
782.059	31.61	782.059	42.78	782.059	31.33	
782.39	29.61	782.39	34.78	782.39	36.33	
782.72	37.61	782.72	36.78	782.72	21.33	
783.051	32.61	783.051	41.78	783.051	31.33	
783.382	38.61	783.382	36.78	783.382	35.33	
783.712	31.61	783.712	36.78	783.712	32.33	
784.043	34.61	784.043	39.78	784.043	26.33	
784.373	34.61	784.373	32.78	784.373	31.33	
784.703	31.61	784.703	34.78	784.703	31.33	
785.034	29.61	785.034	38.78	785.034	27.33	
785.364	32.61	785.364	40.78	785.364	38.33	
785.694	34.61	785.694	39.78	785.694	32.33	
786.024	36.61	786.024	43.78	786.024	39.33	
786.354	31.61	786.354	38.78	786.354	37.33	
786.684	31.61	786.684	38.78	786.684	31.33	
787.014	32.61	787.014	37.78	787.014	35.33	
787.344	33.61	787.344	34.78	787.344	33.33	
787.674	36.61	787.674	37.78	787.674	35.33	
788.004	41.61	788.004	38.78	788.004	35.33	
788.334	29.61	788.334	44.78	788.334	36.33	
788.664	31.61	788.664	42.78	788.664	35.33	
788.993	40.61	788.993	47.78	788.993	41.33	
789.323	37.61	789.323	39.78	789.323	39.33	
789.653	31.61	789.653	41.78	789.653	38.33	
789.982	33.61	789.982	57.78	789.982	41.33	
790.312	24.61	790.312	40.78	790.312	39.33	
790.641	44.61	790.641	59.78	790.641	42.33	
790.971	42.61	790.971	42.78	790.971	31.33	
791.3	38.61	791.3	44.78	791.3	35.33	
791.63	43.61	791.63	52.78	791.63	34.33	
791.959	42.61	791.959	46.78	791.959	41.33	
792.288	42.61	792.288	50.78	792.288	39.33	
792.617	49.61	792.617	70.78	792.617	59.33	
792.946	69.61	792.946	82.78	792.946	57.33	
793.276	100.61	793.276	148.78	793.276	99.33	
793.605	209.61	793.605	315.78	793.605	192.33	
793.934	394.61	793.934	652.78	793.934	410.33	
794.263	650.61	794.263	1063.78	794.263	623.33	
794.591	849.61	794.591	1427.78	794.591	861.33	
794.92	937.61	794.92	1634.78	794.92	952.33	
795.249	1014.61	795.249	1775.78	795.249	1029.33	
795.578	1081.61	795.578	1874.78	795.578	1054.33	
795.907	1081.61	795.907	1944.78	795.907	1096.33	
796.235	1158.61	796.235	1962.78	796.235	1106.33	
796.564	1129.61	796.564	1978.78	796.564	1169.33	
796.892	1116.61	796.892	1977.78	796.892	1115.33	
797.221	1066.61	797.221	1921.78	797.221	1066.33	
797.549	1073.61	797.549	1919.78	797.549	1115.33	
797.878	1080.61	797.878	1875.78	797.878	1071.33	
798.206	1041.61	798.206	1885.78	798.206	1062.33	
798.535	1027.61	798.535	1859.78	798.535	1090.33	
798.863	1042.61	798.863	1863.78	798.863	1012.33	
799.191	1042.61	799.191	1826.78	799.191	1018.33	
799.519	983.61	799.519	1776.78	799.519	969.33	
799.847	974.61	799.847	1846.78	799.847	961.33	
800.175	923.61	800.175	1758.78	800.175	933.33	
800.504	999.61	800.504	1851.78	800.504	979.33	
800.832	981.61	800.832	1807.78	800.832	993.33	
801.159	962.61	801.159	1744.78	801.159	985.33	
801.487	1005.61	801.487	1890.78	801.487	1019.33	
801.815	981.61	801.815	1826.78	801.815	973.33	
802.143	932.61	802.143	1712.78	802.143	925.33	
802.471	752.61	802.471	1446.78	802.471	779.33	
802.798	539.61	802.798	1051.78	802.798	521.33	
803.126	379.61	803.126	707.78	803.126	342.33	
803.454	264.61	803.454	481.78	803.454	238.33	
803.781	183.61	803.781	340.78	803.781	175.33	
804.109	140.61	804.109	245.78	804.109	124.33	
804.436	92.61	804.436	175.78	804.436	98.33	
804.764	72.61	804.764	123.78	804.764	81.33	
805.091	62.61	805.091	91.78	805.091	64.33	
805.418	51.61	805.418	73.78	805.418	51.33	
805.746	38.61	805.746	56.78	805.746	46.33	
806.073	39.61	806.073	52.78	806.073	46.33	
806.4	38.61	806.4	45.78	806.4	35.33	
806.727	37.61	806.727	48.78	806.727	39.33	
807.054	38.61	807.054	49.78	807.054	43.33	
807.381	37.61	807.381	48.78	807.381	35.33	
807.708	38.61	807.708	48.78	807.708	41.33	
808.035	32.61	808.035	42.78	808.035	36.33	
808.362	31.61	808.362	35.78	808.362	43.33	
808.689	33.61	808.689	40.78	808.689	40.33	
809.016	37.61	809.016	42.78	809.016	43.33	
809.342	33.61	809.342	41.78	809.342	33.33	
809.669	35.61	809.669	40.78	809.669	38.33	
809.996	38.61	809.996	43.78	809.996	31.33	
810.322	36.61	810.322	43.78	810.322	38.33	
810.649	39.61	810.649	42.78	810.649	40.33	
810.975	42.61	810.975	37.78	810.975	34.33	
811.302	33.61	811.302	40.78	811.302	37.33	
811.628	40.61	811.628	37.78	811.628	37.33	
811.954	43.61	811.954	42.78	811.954	34.33	
812.281	32.61	812.281	46.78	812.281	36.33	
812.607	39.61	812.607	36.78	812.607	35.33	
812.933	37.61	812.933	45.78	812.933	37.33	
813.259	39.61	813.259	48.78	813.259	42.33	
813.585	56.61	813.585	59.78	813.585	61.33	
813.911	38.61	813.911	40.78	813.911	29.33	
814.237	40.61	814.237	46.78	814.237	33.33	
814.563	34.61	814.563	39.78	814.563	37.33	
814.889	40.61	814.889	47.78	814.889	36.33	
815.215	34.61	815.215	46.78	815.215	41.33	
815.541	35.61	815.541	41.78	815.541	40.33	
815.867	41.61	815.867	49.78	815.867	42.33	
816.192	35.61	816.192	39.78	816.192	35.33	
816.518	36.61	816.518	46.78	816.518	43.33	
816.844	39.61	816.844	44.78	816.844	40.33	
817.169	33.61	817.169	41.78	817.169	36.33	
817.495	34.61	817.495	43.78	817.495	41.33	
817.82	36.61	817.82	42.78	817.82	37.33	
818.146	37.61	818.146	46.78	818.146	37.33	
818.471	39.61	818.471	42.78	818.471	37.33	
818.796	38.61	818.796	43.78	818.796	38.33	
819.122	37.61	819.122	45.78	819.122	35.33	
819.447	43.61	819.447	46.78	819.447	39.33	
819.772	36.61	819.772	47.78	819.772	41.33	
820.097	38.61	820.097	45.78	820.097	41.33	
820.422	43.61	820.422	40.78	820.422	43.33	
820.747	39.61	820.747	35.78	820.747	46.33	
821.072	42.61	821.072	40.78	821.072	41.33	
821.397	35.61	821.397	44.78	821.397	41.33	
821.722	36.61	821.722	41.78	821.722	38.33	
822.047	38.61	822.047	51.78	822.047	38.33	
822.372	38.61	822.372	43.78	822.372	37.33	
822.696	36.61	822.696	46.78	822.696	40.33	
823.021	38.61	823.021	44.78	823.021	47.33	
823.346	43.61	823.346	50.78	823.346	42.33	
823.67	42.61	823.67	45.78	823.67	43.33	
823.995	42.61	823.995	44.78	823.995	39.33	
824.319	28.61	824.319	50.78	824.319	40.33	
824.644	44.61	824.644	48.78	824.644	35.33	
824.968	39.61	824.968	50.78	824.968	35.33	
825.292	39.61	825.292	43.78	825.292	38.33	
825.617	40.61	825.617	52.78	825.617	46.33	
825.941	53.61	825.941	64.78	825.941	55.33	
826.265	47.61	826.265	48.78	826.265	40.33	
826.589	32.61	826.589	43.78	826.589	36.33	
826.913	41.61	826.913	41.78	826.913	32.33	
827.237	34.61	827.237	46.78	827.237	42.33	
827.561	39.61	827.561	51.78	827.561	49.33	
827.885	45.61	827.885	47.78	827.885	42.33	
828.209	43.61	828.209	50.78	828.209	46.33	
828.533	37.61	828.533	45.78	828.533	44.33	
828.857	45.61	828.857	54.78	828.857	43.33	
829.181	44.61	829.181	48.78	829.181	44.33	
829.504	40.61	829.504	49.78	829.504	45.33	
829.828	40.61	829.828	49.78	829.828	41.33	
830.152	41.61	830.152	45.78	830.152	41.33	
830.475	42.61	830.475	48.78	830.475	46.33	
830.799	44.61	830.799	52.78	830.799	44.33	
831.122	37.61	831.122	47.78	831.122	33.33	
831.445	36.61	831.445	48.78	831.445	48.33	
831.769	44.61	831.769	46.78	831.769	40.33	
832.092	41.61	832.092	47.78	832.092	38.33	
832.415	36.61	832.415	49.78	832.415	37.33	
832.739	41.61	832.739	47.78	832.739	40.33	
833.062	41.61	833.062	56.78	833.062	37.33	
833.385	41.61	833.385	50.78	833.385	39.33	
833.708	44.61	833.708	50.78	833.708	42.33	
834.031	36.61	834.031	58.78	834.031	39.33	
834.354	41.61	834.354	50.78	834.354	43.33	
834.677	42.61	834.677	59.78	834.677	45.33	
835	44.61	835	56.78	835	46.33	
835.322	42.61	835.322	45.78	835.322	39.33	
835.645	39.61	835.645	51.78	835.645	38.33	
835.968	38.61	835.968	46.78	835.968	44.33	
836.291	49.61	836.291	51.78	836.291	45.33	
836.613	45.61	836.613	61.78	836.613	52.33	
836.936	41.61	836.936	54.78	836.936	42.33	
837.258	41.61	837.258	44.78	837.258	45.33	
837.581	36.61	837.581	55.78	837.581	45.33	
837.903	43.61	837.903	50.78	837.903	43.33	
838.226	40.61	838.226	47.78	838.226	39.33	
838.548	42.61	838.548	50.78	838.548	45.33	
838.87	41.61	838.87	52.78	838.87	45.33	
839.192	40.61	839.192	53.78	839.192	52.33	
839.515	44.61	839.515	54.78	839.515	42.33	
839.837	42.61	839.837	57.78	839.837	46.33	
840.159	36.61	840.159	50.78	840.159	43.33	
840.481	46.61	840.481	49.78	840.481	46.33	
840.803	40.61	840.803	59.78	840.803	45.33	
841.125	49.61	841.125	62.78	841.125	44.33	
841.447	40.61	841.447	55.78	841.447	41.33	
841.768	45.61	841.768	57.78	841.768	44.33	
842.09	47.61	842.09	55.78	842.09	49.33	
842.412	38.61	842.412	62.78	842.412	43.33	
842.734	46.61	842.734	50.78	842.734	47.33	
843.055	43.61	843.055	53.78	843.055	52.33	
843.377	44.61	843.377	56.78	843.377	47.33	
843.698	43.61	843.698	53.78	843.698	44.33	
844.02	52.61	844.02	62.78	844.02	48.33	
844.341	44.61	844.341	53.78	844.341	51.33	
844.663	43.61	844.663	54.78	844.663	48.33	
844.984	45.61	844.984	53.78	844.984	48.33	
845.305	53.61	845.305	51.78	845.305	48.33	
845.627	45.61	845.627	56.78	845.627	47.33	
845.948	52.61	845.948	56.78	845.948	42.33	
846.269	45.61	846.269	60.78	846.269	46.33	
846.59	48.61	846.59	61.78	846.59	52.33	
846.911	51.61	846.911	53.78	846.911	49.33	
847.232	50.61	847.232	59.78	847.232	55.33	
847.553	46.61	847.553	59.78	847.553	49.33	
847.874	46.61	847.874	56.78	847.874	51.33	
848.195	59.61	848.195	70.78	848.195	66.33	
848.515	46.61	848.515	55.78	848.515	51.33	
848.836	45.61	848.836	60.78	848.836	49.33	
849.157	53.61	849.157	55.78	849.157	51.33	
849.478	49.61	849.478	53.78	849.478	57.33	
849.798	53.61	849.798	69.78	849.798	56.33	
850.119	50.61	850.119	68.78	850.119	52.33	
850.439	49.61	850.439	62.78	850.439	45.33	
850.76	48.61	850.76	63.78	850.76	45.33	
851.08	50.61	851.08	62.78	851.08	57.33	
851.4	39.61	851.4	59.78	851.4	58.33	
851.721	51.61	851.721	59.78	851.721	55.33	
852.041	44.61	852.041	72.78	852.041	48.33	
852.361	57.61	852.361	68.78	852.361	64.33	
852.681	62.61	852.681	55.78	852.681	56.33	
853.001	56.61	853.001	64.78	853.001	54.33	
853.321	53.61	853.321	57.78	853.321	57.33	
853.641	56.61	853.641	56.78	853.641	59.33	
853.961	57.61	853.961	68.78	853.961	55.33	
854.281	55.61	854.281	60.78	854.281	55.33	
854.601	60.61	854.601	77.78	854.601	59.33	
854.921	58.61	854.921	63.78	854.921	55.33	
855.241	58.61	855.241	72.78	855.241	55.33	
855.56	58.61	855.56	67.78	855.56	60.33	
855.88	55.61	855.88	69.78	855.88	56.33	
856.199	58.61	856.199	67.78	856.199	63.33	
856.519	56.61	856.519	67.78	856.519	61.33	
856.839	53.61	856.839	66.78	856.839	62.33	
857.158	66.61	857.158	66.78	857.158	58.33	
857.477	57.61	857.477	58.78	857.477	59.33	
857.797	57.61	857.797	74.78	857.797	64.33	
858.116	60.61	858.116	73.78	858.116	54.33	
858.435	57.61	858.435	70.78	858.435	68.33	
858.754	61.61	858.754	68.78	858.754	65.33	
859.074	63.61	859.074	77.78	859.074	66.33	
859.393	67.61	859.393	70.78	859.393	70.33	
859.712	63.61	859.712	77.78	859.712	68.33	
860.031	64.61	860.031	70.78	860.031	63.33	
860.35	63.61	860.35	72.78	860.35	55.33	
860.669	63.61	860.669	70.78	860.669	68.33	
860.987	66.61	860.987	71.78	860.987	71.33	
861.306	68.61	861.306	67.78	861.306	71.33	
861.625	64.61	861.625	67.78	861.625	64.33	
861.944	68.61	861.944	74.78	861.944	74.33	
862.262	68.61	862.262	72.78	862.262	66.33	
862.581	68.61	862.581	69.78	862.581	67.33	
862.9	70.61	862.9	82.78	862.9	71.33	
863.218	71.61	863.218	74.78	863.218	62.33	
863.536	69.61	863.536	81.78	863.536	74.33	
863.855	70.61	863.855	77.78	863.855	76.33	
864.173	68.61	864.173	71.78	864.173	65.33	
864.492	67.61	864.492	75.78	864.492	75.33	
864.81	69.61	864.81	79.78	864.81	73.33	
865.128	71.61	865.128	71.78	865.128	72.33	
865.446	66.61	865.446	84.78	865.446	69.33	
865.764	68.61	865.764	83.78	865.764	74.33	
866.082	72.61	866.082	78.78	866.082	71.33	
866.4	76.61	866.4	83.78	866.4	73.33	
866.718	70.61	866.718	82.78	866.718	78.33	
867.036	73.61	867.036	80.78	867.036	80.33	
867.354	73.61	867.354	83.78	867.354	80.33	
867.672	73.61	867.672	81.78	867.672	81.33	
867.99	71.61	867.99	82.78	867.99	84.33	
868.307	84.61	868.307	84.78	868.307	82.33	
868.625	85.61	868.625	92.78	868.625	84.33	
868.942	78.61	868.942	79.78	868.942	79.33	
869.26	68.61	869.26	79.78	869.26	76.33	
869.578	71.61	869.578	84.78	869.578	83.33	
869.895	86.61	869.895	79.78	869.895	80.33	
870.212	73.61	870.212	84.78	870.212	79.33	
870.53	80.61	870.53	92.78	870.53	86.33	
870.847	87.61	870.847	79.78	870.847	81.33	
871.164	83.61	871.164	86.78	871.164	78.33	
871.481	83.61	871.481	88.78	871.481	80.33	
871.799	82.61	871.799	84.78	871.799	72.33	
872.116	92.61	872.116	81.78	872.116	83.33	
872.433	83.61	872.433	91.78	872.433	89.33	
872.75	88.61	872.75	84.78	872.75	88.33	
873.067	81.61	873.067	87.78	873.067	81.33	
873.384	91.61	873.384	96.78	873.384	84.33	
873.7	77.61	873.7	85.78	873.7	90.33	
874.017	84.61	874.017	87.78	874.017	78.33	
874.334	84.61	874.334	88.78	874.334	82.33	
874.651	83.61	874.651	84.78	874.651	85.33	
874.967	76.61	874.967	82.78	874.967	83.33	
875.284	92.61	875.284	81.78	875.284	86.33	
875.6	88.61	875.6	89.78	875.6	88.33	
875.917	95.61	875.917	89.78	875.917	93.33	
876.233	84.61	876.233	88.78	876.233	82.33	
876.55	91.61	876.55	81.78	876.55	81.33	
876.866	79.61	876.866	88.78	876.866	85.33	
877.182	77.61	877.182	77.78	877.182	82.33	
877.499	91.61	877.499	94.78	877.499	83.33	
877.815	94.61	877.815	97.78	877.815	87.33	
878.131	80.61	878.131	83.78	878.131	82.33	
878.447	93.61	878.447	93.78	878.447	85.33	
878.763	90.61	878.763	93.78	878.763	89.33	
879.079	88.61	879.079	90.78	879.079	97.33	
879.395	84.61	879.395	84.78	879.395	89.33	
879.711	82.61	879.711	86.78	879.711	91.33	
880.027	85.61	880.027	92.78	880.027	87.33	
880.343	87.61	880.343	84.78	880.343	91.33	
880.658	86.61	880.658	90.78	880.658	83.33	
880.974	83.61	880.974	81.78	880.974	87.33	
881.29	98.61	881.29	84.78	881.29	92.33	
881.605	91.61	881.605	83.78	881.605	86.33	
881.921	97.61	881.921	93.78	881.921	88.33	
882.236	90.61	882.236	91.78	882.236	97.33	
882.552	87.61	882.552	84.78	882.552	90.33	
882.867	87.61	882.867	82.78	882.867	86.33	
883.182	87.61	883.182	86.78	883.182	84.33	
883.498	86.61	883.498	83.78	883.498	95.33	
883.813	81.61	883.813	85.78	883.813	80.33	
884.128	86.61	884.128	75.78	884.128	83.33	
884.443	91.61	884.443	88.78	884.443	93.33	
884.758	90.61	884.758	78.78	884.758	85.33	
885.073	88.61	885.073	83.78	885.073	94.33	
885.388	79.61	885.388	83.78	885.388	75.33	
885.703	90.61	885.703	86.78	885.703	91.33	
886.018	87.61	886.018	86.78	886.018	84.33	
886.333	93.61	886.333	85.78	886.333	89.33	
886.648	79.61	886.648	78.78	886.648	85.33	
886.962	76.61	886.962	79.78	886.962	77.33	
887.277	83.61	887.277	77.78	887.277	85.33	
887.592	85.61	887.592	81.78	887.592	87.33	
887.906	84.61	887.906	76.78	887.906	81.33	
888.221	92.61	888.221	75.78	888.221	87.33	
888.535	81.61	888.535	85.78	888.535	85.33	
888.85	77.61	888.85	79.78	888.85	85.33	
889.164	84.61	889.164	83.78	889.164	79.33	
889.478	90.61	889.478	77.78	889.478	81.33	
889.793	92.61	889.793	73.78	889.793	83.33	
890.107	82.61	890.107	73.78	890.107	73.33	
890.421	82.61	890.421	78.78	890.421	85.33	
890.735	76.61	890.735	67.78	890.735	73.33	
891.049	86.61	891.049	78.78	891.049	80.33	
891.363	85.61	891.363	75.78	891.363	85.33	
891.677	87.61	891.677	73.78	891.677	73.33	
891.991	78.61	891.991	73.78	891.991	74.33	
892.305	81.61	892.305	81.78	892.305	78.33	
892.619	81.61	892.619	78.78	892.619	78.33	
892.933	80.61	892.933	74.78	892.933	83.33	
893.246	86.61	893.246	81.78	893.246	86.33	
893.56	82.61	893.56	73.78	893.56	84.33	
893.874	75.61	893.874	72.78	893.874	83.33	
894.187	77.61	894.187	75.78	894.187	79.33	
894.501	73.61	894.501	78.78	894.501	69.33	
894.814	82.61	894.814	79.78	894.814	71.33	
895.128	74.61	895.128	75.78	895.128	73.33	
895.441	89.61	895.441	74.78	895.441	70.33	
895.754	75.61	895.754	77.78	895.754	75.33	
896.068	75.61	896.068	74.78	896.068	75.33	
896.381	79.61	896.381	73.78	896.381	74.33	
896.694	80.61	896.694	75.78	896.694	69.33	
897.007	75.61	897.007	68.78	897.007	77.33	
897.32	75.61	897.32	68.78	897.32	67.33	
897.633	76.61	897.633	77.78	897.633	70.33	
897.946	71.61	897.946	70.78	897.946	71.33	
898.259	75.61	898.259	80.78	898.259	77.33	
898.572	81.61	898.572	66.78	898.572	74.33	
898.885	67.61	898.885	70.78	898.885	65.33	
899.197	75.61	899.197	71.78	899.197	70.33	
899.51	69.61	899.51	64.78	899.51	66.33	
899.823	73.61	899.823	60.78	899.823	60.33	
900.135	69.61	900.135	70.78	900.135	73.33	
900.448	71.61	900.448	70.78	900.448	58.33	
900.76	70.61	900.76	57.78	900.76	59.33	
901.073	62.61	901.073	64.78	901.073	64.33	
901.385	71.61	901.385	65.78	901.385	63.33	
901.698	77.61	901.698	62.78	901.698	61.33	
902.01	67.61	902.01	69.78	902.01	60.33	
902.322	66.61	902.322	59.78	902.322	61.33	
902.634	71.61	902.634	61.78	902.634	64.33	
902.946	66.61	902.946	59.78	902.946	58.33	
903.258	67.61	903.258	63.78	903.258	62.33	
903.57	72.61	903.57	62.78	903.57	74.33	
903.882	68.61	903.882	57.78	903.882	65.33	
904.194	61.61	904.194	70.78	904.194	63.33	
904.506	66.61	904.506	60.78	904.506	61.33	
904.818	62.61	904.818	61.78	904.818	64.33	
905.13	62.61	905.13	53.78	905.13	63.33	
905.442	63.61	905.442	61.78	905.442	66.33	
905.753	62.61	905.753	54.78	905.753	62.33	
906.065	66.61	906.065	67.78	906.065	64.33	
906.377	56.61	906.377	54.78	906.377	61.33	
906.688	63.61	906.688	55.78	906.688	59.33	
907	61.61	907	64.78	907	63.33	
907.311	58.61	907.311	57.78	907.311	54.33	
907.622	67.61	907.622	61.78	907.622	54.33	
907.934	63.61	907.934	63.78	907.934	62.33	
908.245	64.61	908.245	63.78	908.245	66.33	
908.556	65.61	908.556	64.78	908.556	58.33	
908.867	67.61	908.867	60.78	908.867	68.33	
909.178	63.61	909.178	55.78	909.178	63.33	
909.489	65.61	909.489	54.78	909.489	68.33	
909.8	56.61	909.8	56.78	909.8	59.33	
910.111	57.61	910.111	58.78	910.111	53.33	
910.422	66.61	910.422	57.78	910.422	55.33	
910.733	57.61	910.733	56.78	910.733	54.33	
911.044	58.61	911.044	51.78	911.044	57.33	
911.355	53.61	911.355	55.78	911.355	55.33	
911.665	53.61	911.665	54.78	911.665	49.33	
911.976	61.61	911.976	56.78	911.976	51.33	
912.287	60.61	912.287	66.78	912.287	60.33	
912.597	55.61	912.597	52.78	912.597	61.33	
912.908	63.61	912.908	53.78	912.908	50.33	
913.218	60.61	913.218	58.78	913.218	61.33	
913.529	58.61	913.529	56.78	913.529	54.33	
913.839	45.61	913.839	49.78	913.839	53.33	
914.149	50.61	914.149	50.78	914.149	55.33	
914.46	55.61	914.46	50.78	914.46	50.33	
914.77	54.61	914.77	58.78	914.77	57.33	
915.08	56.61	915.08	48.78	915.08	50.33	
915.39	50.61	915.39	54.78	915.39	55.33	
915.7	50.61	915.7	50.78	915.7	60.33	
916.01	58.61	916.01	55.78	916.01	57.33	
916.32	61.61	916.32	57.78	916.32	56.33	
916.63	55.61	916.63	55.78	916.63	51.33	
916.94	54.61	916.94	54.78	916.94	49.33	
917.249	54.61	917.249	51.78	917.249	47.33	
917.559	54.61	917.559	54.78	917.559	49.33	
917.869	53.61	917.869	54.78	917.869	52.33	
918.178	60.61	918.178	48.78	918.178	50.33	
918.488	55.61	918.488	44.78	918.488	50.33	
918.798	54.61	918.798	46.78	918.798	54.33	
919.107	50.61	919.107	57.78	919.107	50.33	
919.416	53.61	919.416	55.78	919.416	52.33	
919.726	53.61	919.726	51.78	919.726	47.33	
920.035	58.61	920.035	58.78	920.035	57.33	
920.344	52.61	920.344	48.78	920.344	51.33	
920.654	53.61	920.654	48.78	920.654	46.33	
920.963	52.61	920.963	50.78	920.963	54.33	
921.272	51.61	921.272	54.78	921.272	52.33	
921.581	50.61	921.581	55.78	921.581	50.33	
921.89	51.61	921.89	53.78	921.89	50.33	
922.199	56.61	922.199	57.78	922.199	48.33	
922.508	48.61	922.508	47.78	922.508	50.33	
922.817	49.61	922.817	51.78	922.817	50.33	
923.125	50.61	923.125	47.78	923.125	47.33	
923.434	43.61	923.434	50.78	923.434	48.33	
923.743	51.61	923.743	52.78	923.743	50.33	
924.052	44.61	924.052	49.78	924.052	45.33	
924.36	48.61	924.36	45.78	924.36	42.33	
924.669	44.61	924.669	50.78	924.669	49.33	
924.977	51.61	924.977	45.78	924.977	45.33	
925.286	45.61	925.286	45.78	925.286	51.33	
925.594	52.61	925.594	50.78	925.594	56.33	
925.902	49.61	925.902	43.78	925.902	52.33	
926.211	49.61	926.211	45.78	926.211	44.33	
926.519	50.61	926.519	52.78	926.519	50.33	
926.827	56.61	926.827	49.78	926.827	45.33	
927.135	52.61	927.135	39.78	927.135	41.33	
927.443	41.61	927.443	46.78	927.443	47.33	
927.751	46.61	927.751	38.78	927.751	44.33	
928.059	51.61	928.059	47.78	928.059	45.33	
928.367	57.61	928.367	45.78	928.367	48.33	
928.675	49.61	928.675	40.78	928.675	45.33	
928.983	50.61	928.983	48.78	928.983	38.33	
929.291	40.61	929.291	46.78	929.291	44.33	
929.598	45.61	929.598	51.78	929.598	43.33	
929.906	43.61	929.906	47.78	929.906	53.33	
930.214	52.61	930.214	41.78	930.214	45.33	
930.521	46.61	930.521	53.78	930.521	53.33	
930.829	42.61	930.829	45.78	930.829	46.33	
931.136	59.61	931.136	58.78	931.136	60.33	
931.444	50.61	931.444	42.78	931.444	48.33	
931.751	41.61	931.751	47.78	931.751	42.33	
932.058	43.61	932.058	35.78	932.058	45.33	
932.366	53.61	932.366	43.78	932.366	47.33	
932.673	55.61	932.673	48.78	932.673	51.33	
932.98	49.61	932.98	49.78	932.98	49.33	
933.287	48.61	933.287	42.78	933.287	48.33	
933.594	43.61	933.594	53.78	933.594	42.33	
933.901	54.61	933.901	45.78	933.901	44.33	
934.208	44.61	934.208	49.78	934.208	39.33	
934.515	45.61	934.515	36.78	934.515	43.33	
934.822	43.61	934.822	42.78	934.822	40.33	
935.129	38.61	935.129	48.78	935.129	46.33	
935.435	47.61	935.435	48.78	935.435	42.33	
935.742	46.61	935.742	42.78	935.742	45.33	
936.049	44.61	936.049	38.78	936.049	42.33	
936.355	42.61	936.355	40.78	936.355	47.33	
936.662	46.61	936.662	48.78	936.662	49.33	
936.968	48.61	936.968	39.78	936.968	43.33	
937.275	44.61	937.275	33.78	937.275	42.33	
937.581	44.61	937.581	34.78	937.581	39.33	
937.887	40.61	937.887	39.78	937.887	41.33	
938.194	46.61	938.194	47.78	938.194	48.33	
938.5	43.61	938.5	48.78	938.5	45.33	
938.806	48.61	938.806	43.78	938.806	37.33	
939.112	53.61	939.112	51.78	939.112	44.33	
939.418	41.61	939.418	43.78	939.418	47.33	
939.724	45.61	939.724	43.78	939.724	45.33	
940.03	37.61	940.03	41.78	940.03	43.33	
940.336	44.61	940.336	39.78	940.336	38.33	
940.642	43.61	940.642	41.78	940.642	40.33	
940.948	35.61	940.948	44.78	940.948	38.33	
941.253	43.61	941.253	38.78	941.253	38.33	
941.559	43.61	941.559	43.78	941.559	39.33	
941.865	48.61	941.865	42.78	941.865	43.33	
942.17	43.61	942.17	42.78	942.17	43.33	
942.476	42.61	942.476	46.78	942.476	44.33	
942.781	53.61	942.781	40.78	942.781	41.33	
943.087	34.61	943.087	34.78	943.087	43.33	
943.392	40.61	943.392	32.78	943.392	40.33	
943.697	42.61	943.697	45.78	943.697	40.33	
944.003	41.61	944.003	44.78	944.003	42.33	
944.308	40.61	944.308	39.78	944.308	41.33	
944.613	46.61	944.613	46.78	944.613	44.33	
944.918	37.61	944.918	40.78	944.918	43.33	
945.223	40.61	945.223	39.78	945.223	40.33	
945.528	35.61	945.528	38.78	945.528	40.33	
945.833	41.61	945.833	40.78	945.833	43.33	
946.138	39.61	946.138	40.78	946.138	45.33	
946.443	37.61	946.443	38.78	946.443	42.33	
946.748	46.61	946.748	37.78	946.748	46.33	
947.053	44.61	947.053	38.78	947.053	43.33	
947.357	43.61	947.357	41.78	947.357	40.33	
947.662	45.61	947.662	38.78	947.662	38.33	
947.967	42.61	947.967	36.78	947.967	38.33	
948.271	42.61	948.271	34.78	948.271	43.33	
948.576	42.61	948.576	35.78	948.576	38.33	
948.88	32.61	948.88	45.78	948.88	42.33	
949.184	37.61	949.184	40.78	949.184	37.33	
949.489	41.61	949.489	37.78	949.489	38.33	
949.793	42.61	949.793	44.78	949.793	39.33	
950.097	37.61	950.097	36.78	950.097	36.33	
950.402	43.61	950.402	39.78	950.402	34.33	
950.706	36.61	950.706	33.78	950.706	38.33	
951.01	37.61	951.01	36.78	951.01	38.33	
951.314	39.61	951.314	39.78	951.314	37.33	
951.618	46.61	951.618	47.78	951.618	44.33	
951.922	43.61	951.922	39.78	951.922	43.33	
952.226	39.61	952.226	43.78	952.226	32.33	
952.529	36.61	952.529	38.78	952.529	41.33	
952.833	41.61	952.833	39.78	952.833	37.33	
953.137	41.61	953.137	39.78	953.137	40.33	
953.44	39.61	953.44	39.78	953.44	38.33	
953.744	39.61	953.744	31.78	953.744	41.33	
954.048	34.61	954.048	42.78	954.048	35.33	
954.351	42.61	954.351	38.78	954.351	41.33	
954.655	39.61	954.655	35.78	954.655	40.33	
954.958	34.61	954.958	38.78	954.958	35.33	
955.261	42.61	955.261	40.78	955.261	39.33	
955.565	39.61	955.565	42.78	955.565	35.33	
955.868	41.61	955.868	38.78	955.868	32.33	
956.171	46.61	956.171	47.78	956.171	39.33	
956.474	44.61	956.474	41.78	956.474	36.33	
956.777	43.61	956.777	36.78	956.777	34.33	
957.08	37.61	957.08	40.78	957.08	41.33	
957.383	36.61	957.383	38.78	957.383	35.33	
957.686	42.61	957.686	38.78	957.686	43.33	
957.989	37.61	957.989	36.78	957.989	44.33	
958.292	38.61	958.292	33.78	958.292	37.33	
958.595	38.61	958.595	40.78	958.595	33.33	
958.897	35.61	958.897	37.78	958.897	41.33	
959.2	44.61	959.2	43.78	959.2	39.33	
959.503	42.61	959.503	42.78	959.503	39.33	
959.805	37.61	959.805	39.78	959.805	46.33	
960.108	34.61	960.108	32.78	960.108	35.33	
960.41	39.61	960.41	41.78	960.41	35.33	
960.713	38.61	960.713	36.78	960.713	34.33	
961.015	31.61	961.015	37.78	961.015	32.33	
961.317	43.61	961.317	42.78	961.317	41.33	
961.619	35.61	961.619	42.78	961.619	38.33	
961.922	35.61	961.922	37.78	961.922	36.33	
962.224	40.61	962.224	38.78	962.224	37.33	
962.526	38.61	962.526	37.78	962.526	38.33	
962.828	36.61	962.828	37.78	962.828	37.33	
963.13	39.61	963.13	36.78	963.13	32.33	
963.432	40.61	963.432	35.78	963.432	47.33	
963.734	38.61	963.734	38.78	963.734	35.33	
964.035	38.61	964.035	35.78	964.035	34.33	
964.337	46.61	964.337	36.78	964.337	41.33	
964.639	34.61	964.639	34.78	964.639	41.33	
964.941	41.61	964.941	40.78	964.941	38.33	
965.242	38.61	965.242	40.78	965.242	32.33	
965.544	39.61	965.544	33.78	965.544	35.33	
965.845	43.61	965.845	42.78	965.845	37.33	
966.147	34.61	966.147	35.78	966.147	39.33	
966.448	29.61	966.448	39.78	966.448	37.33	
966.749	36.61	966.749	38.78	966.749	21.33	
967.051	46.61	967.051	43.78	967.051	37.33	
967.352	33.61	967.352	38.78	967.352	37.33	
967.653	33.61	967.653	30.78	967.653	31.33	
967.954	35.61	967.954	35.78	967.954	31.33	
968.255	36.61	968.255	44.78	968.255	33.33	
968.556	40.61	968.556	38.78	968.556	36.33	
968.857	38.61	968.857	39.78	968.857	38.33	
969.158	44.61	969.158	36.78	969.158	37.33	
969.459	37.61	969.459	36.78	969.459	36.33	
969.76	43.61	969.76	36.78	969.76	34.33	
970.061	37.61	970.061	34.78	970.061	30.33	
970.362	37.61	970.362	32.78	970.362	38.33	
970.662	42.61	970.662	45.78	970.662	38.33	
970.963	36.61	970.963	39.78	970.963	44.33	
971.263	39.61	971.263	41.78	971.263	32.33	
971.564	34.61	971.564	42.78	971.564	36.33	
971.864	24.61	971.864	37.78	971.864	35.33	
972.165	41.61	972.165	35.78	972.165	36.33	
972.465	38.61	972.465	33.78	972.465	38.33	
972.765	35.61	972.765	36.78	972.765	37.33	
973.066	37.61	973.066	29.78	973.066	42.33	
973.366	37.61	973.366	37.78	973.366	32.33	
973.666	34.61	973.666	33.78	973.666	39.33	
973.966	37.61	973.966	35.78	973.966	36.33	
974.266	37.61	974.266	41.78	974.266	43.33	
974.566	29.61	974.566	30.78	974.566	40.33	
974.866	29.61	974.866	40.78	974.866	30.33	
975.166	36.61	975.166	39.78	975.166	25.33	
975.466	38.61	975.466	37.78	975.466	33.33	
975.765	36.61	975.765	39.78	975.765	32.33	
976.065	34.61	976.065	36.78	976.065	33.33	
976.365	36.61	976.365	34.78	976.365	34.33	
976.664	47.61	976.664	32.78	976.664	41.33	
976.964	45.61	976.964	38.78	976.964	32.33	
977.263	30.61	977.263	34.78	977.263	31.33	
977.563	32.61	977.563	39.78	977.563	34.33	
977.862	36.61	977.862	34.78	977.862	35.33	
978.161	38.61	978.161	40.78	978.161	31.33	
978.461	35.61	978.461	36.78	978.461	34.33	
978.76	43.61	978.76	38.78	978.76	35.33	
979.059	36.61	979.059	39.78	979.059	37.33	
979.358	35.61	979.358	34.78	979.358	36.33	
979.657	30.61	979.657	36.78	979.657	37.33	
979.956	29.61	979.956	36.78	979.956	36.33	
980.255	35.61	980.255	35.78	980.255	32.33	
980.554	33.61	980.554	33.78	980.554	40.33	
980.853	28.61	980.853	37.78	980.853	33.33	
981.152	36.61	981.152	35.78	981.152	37.33	
981.451	29.61	981.451	30.78	981.451	37.33	
981.749	37.61	981.749	32.78	981.749	28.33	
982.048	36.61	982.048	40.78	982.048	29.33	
982.347	33.61	982.347	35.78	982.347	34.33	
982.645	37.61	982.645	33.78	982.645	36.33	
982.944	35.61	982.944	38.78	982.944	37.33	
983.242	31.61	983.242	36.78	983.242	41.33	
983.54	30.61	983.54	40.78	983.54	36.33	
983.839	34.61	983.839	37.78	983.839	35.33	
984.137	35.61	984.137	31.78	984.137	39.33	
984.435	33.61	984.435	32.78	984.435	31.33	
984.733	37.61	984.733	39.78	984.733	41.33	
985.032	41.61	985.032	33.78	985.032	36.33	
985.33	30.61	985.33	34.78	985.33	31.33	
985.628	37.61	985.628	38.78	985.628	37.33	
985.926	40.61	985.926	38.78	985.926	41.33	
986.223	32.61	986.223	31.78	986.223	41.33	
986.521	38.61	986.521	36.78	986.521	33.33	
986.819	31.61	986.819	39.78	986.819	37.33	
987.117	37.61	987.117	36.78	987.117	36.33	
987.415	39.61	987.415	38.78	987.415	31.33	
987.712	34.61	987.712	37.78	987.712	37.33	
988.01	35.61	988.01	34.78	988.01	28.33	
988.307	31.61	988.307	36.78	988.307	35.33	
988.605	41.61	988.605	38.78	988.605	26.33	
988.902	29.61	988.902	31.78	988.902	36.33	
989.2	36.61	989.2	41.78	989.2	35.33	
989.497	36.61	989.497	33.78	989.497	34.33	
989.794	37.61	989.794	33.78	989.794	36.33	
990.091	32.61	990.091	39.78	990.091	31.33	
990.388	36.61	990.388	37.78	990.388	28.33	
990.686	35.61	990.686	28.78	990.686	33.33	
990.983	34.61	990.983	34.78	990.983	35.33	
991.28	37.61	991.28	38.78	991.28	24.33	
991.577	47.61	991.577	37.78	991.577	33.33	
991.873	32.61	991.873	27.78	991.873	32.33	
992.17	35.61	992.17	37.78	992.17	33.33	
992.467	41.61	992.467	39.78	992.467	36.33	
992.764	32.61	992.764	34.78	992.764	33.33	
993.06	31.61	993.06	40.78	993.06	38.33	
993.357	32.61	993.357	29.78	993.357	34.33	
993.654	41.61	993.654	29.78	993.654	37.33	
993.95	36.61	993.95	35.78	993.95	35.33	
994.247	28.61	994.247	32.78	994.247	29.33	
994.543	35.61	994.543	34.78	994.543	41.33	
994.839	39.61	994.839	32.78	994.839	30.33	
995.136	34.61	995.136	38.78	995.136	29.33	
995.432	35.61	995.432	38.78	995.432	33.33	
995.728	37.61	995.728	36.78	995.728	39.33	
996.024	37.61	996.024	29.78	996.024	34.33	
996.32	38.61	996.32	34.78	996.32	38.33	
996.616	30.61	996.616	33.78	996.616	38.33	
996.912	36.61	996.912	34.78	996.912	30.33	
997.208	34.61	997.208	32.78	997.208	32.33	
997.504	38.61	997.504	36.78	997.504	30.33	
997.8	31.61	997.8	36.78	997.8	31.33	
998.096	31.61	998.096	32.78	998.096	38.33	
998.391	32.61	998.391	34.78	998.391	36.33	
998.687	34.61	998.687	35.78	998.687	31.33	
998.983	32.61	998.983	33.78	998.983	31.33	
999.278	33.61	999.278	32.78	999.278	34.33	
999.574	36.61	999.574	39.78	999.574	38.33	
999.869	30.61	999.869	35.78	999.869	33.33	
1000.165	26.61	1000.165	37.78	1000.165	30.33	
1000.46	39.61	1000.46	30.78	1000.46	33.33	
1000.755	26.61	1000.755	36.78	1000.755	32.33	
1001.05	36.61	1001.05	30.78	1001.05	33.33	
1001.346	35.61	1001.346	34.78	1001.346	27.33	
1001.641	38.61	1001.641	44.78	1001.641	37.33	
1001.936	37.61	1001.936	32.78	1001.936	41.33	
1002.231	44.61	1002.231	43.78	1002.231	41.33	
1002.526	39.61	1002.526	35.78	1002.526	36.33	
1002.821	30.61	1002.821	29.78	1002.821	31.33	
1003.115	35.61	1003.115	33.78	1003.115	30.33	
1003.41	38.61	1003.41	34.78	1003.41	34.33	
1003.705	30.61	1003.705	36.78	1003.705	35.33	
1004	29.61	1004	35.78	1004	34.33	
1004.294	34.61	1004.294	36.78	1004.294	37.33	
1004.589	36.61	1004.589	32.78	1004.589	34.33	
1004.883	36.61	1004.883	29.78	1004.883	31.33	
1005.178	39.61	1005.178	37.78	1005.178	31.33	
1005.472	35.61	1005.472	29.78	1005.472	33.33	
1005.767	32.61	1005.767	36.78	1005.767	28.33	
1006.061	33.61	1006.061	42.78	1006.061	31.33	
1006.355	31.61	1006.355	35.78	1006.355	31.33	
1006.649	34.61	1006.649	33.78	1006.649	38.33	
1006.944	35.61	1006.944	34.78	1006.944	26.33	
1007.238	28.61	1007.238	29.78	1007.238	34.33	
1007.532	26.61	1007.532	34.78	1007.532	38.33	
1007.826	33.61	1007.826	35.78	1007.826	35.33	
1008.12	32.61	1008.12	28.78	1008.12	38.33	
1008.414	30.61	1008.414	35.78	1008.414	35.33	
1008.707	31.61	1008.707	31.78	1008.707	38.33	
1009.001	38.61	1009.001	36.78	1009.001	30.33	
1009.295	41.61	1009.295	33.78	1009.295	22.33	
1009.589	30.61	1009.589	31.78	1009.589	36.33	
1009.882	28.61	1009.882	31.78	1009.882	31.33	
1010.176	32.61	1010.176	37.78	1010.176	37.33	
1010.469	24.61	1010.469	31.78	1010.469	32.33	
1010.763	35.61	1010.763	39.78	1010.763	33.33	
1011.056	32.61	1011.056	24.78	1011.056	35.33	
1011.349	29.61	1011.349	32.78	1011.349	33.33	
1011.643	36.61	1011.643	36.78	1011.643	33.33	
1011.936	37.61	1011.936	30.78	1011.936	36.33	
1012.229	29.61	1012.229	37.78	1012.229	34.33	
1012.522	38.61	1012.522	26.78	1012.522	37.33	
1012.815	33.61	1012.815	36.78	1012.815	37.33	
1013.108	37.61	1013.108	29.78	1013.108	28.33	
1013.401	35.61	1013.401	35.78	1013.401	31.33	
1013.694	32.61	1013.694	27.78	1013.694	31.33	
1013.987	33.61	1013.987	36.78	1013.987	36.33	
1014.28	33.61	1014.28	34.78	1014.28	26.33	
1014.573	30.61	1014.573	37.78	1014.573	34.33	
1014.865	24.61	1014.865	33.78	1014.865	33.33	
1015.158	34.61	1015.158	33.78	1015.158	34.33	
1015.45	32.61	1015.45	33.78	1015.45	29.33	
1015.743	37.61	1015.743	28.78	1015.743	37.33	
1016.035	28.61	1016.035	37.78	1016.035	35.33	
1016.328	31.61	1016.328	33.78	1016.328	29.33	
1016.62	36.61	1016.62	29.78	1016.62	30.33	
1016.913	30.61	1016.913	33.78	1016.913	28.33	
1017.205	26.61	1017.205	32.78	1017.205	33.33	
1017.497	32.61	1017.497	39.78	1017.497	33.33	
1017.789	31.61	1017.789	36.78	1017.789	31.33	
1018.081	35.61	1018.081	34.78	1018.081	33.33	
1018.373	31.61	1018.373	40.78	1018.373	33.33	
1018.665	27.61	1018.665	36.78	1018.665	35.33	
1018.957	31.61	1018.957	27.78	1018.957	30.33	
1019.249	27.61	1019.249	31.78	1019.249	38.33	
1019.541	35.61	1019.541	30.78	1019.541	41.33	
1019.833	36.61	1019.833	31.78	1019.833	28.33	
1020.124	37.61	1020.124	32.78	1020.124	31.33	
1020.416	28.61	1020.416	29.78	1020.416	31.33	
1020.708	27.61	1020.708	28.78	1020.708	34.33	
1020.999	29.61	1020.999	33.78	1020.999	23.33	
1021.291	30.61	1021.291	36.78	1021.291	34.33	
1021.582	28.61	1021.582	28.78	1021.582	31.33	
1021.874	34.61	1021.874	31.78	1021.874	32.33	
1022.165	33.61	1022.165	32.78	1022.165	23.33	
1022.456	35.61	1022.456	34.78	1022.456	34.33	
1022.747	29.61	1022.747	30.78	1022.747	30.33	
1023.039	30.61	1023.039	33.78	1023.039	33.33	
1023.33	30.61	1023.33	38.78	1023.33	39.33	
1023.621	33.61	1023.621	33.78	1023.621	34.33	
1023.912	34.61	1023.912	33.78	1023.912	29.33	
1024.203	31.61	1024.203	29.78	1024.203	40.33	
1024.494	34.61	1024.494	32.78	1024.494	28.33	
1024.785	32.61	1024.785	28.78	1024.785	30.33	
1025.075	35.61	1025.075	30.78	1025.075	30.33	
1025.366	30.61	1025.366	28.78	1025.366	31.33	
1025.657	34.61	1025.657	30.78	1025.657	30.33	
1025.947	25.61	1025.947	30.78	1025.947	33.33	
1026.238	26.61	1026.238	28.78	1026.238	32.33	
1026.529	29.61	1026.529	34.78	1026.529	34.33	
1026.819	29.61	1026.819	29.78	1026.819	32.33	
1027.109	35.61	1027.109	35.78	1027.109	31.33	
1027.4	29.61	1027.4	33.78	1027.4	35.33	
1027.69	31.61	1027.69	31.78	1027.69	34.33	
1027.98	31.61	1027.98	34.78	1027.98	28.33	
1028.271	30.61	1028.271	22.78	1028.271	32.33	
1028.561	29.61	1028.561	28.78	1028.561	31.33	
1028.851	29.61	1028.851	30.78	1028.851	25.33	
1029.141	31.61	1029.141	31.78	1029.141	34.33	
1029.431	36.61	1029.431	32.78	1029.431	31.33	
1029.721	37.61	1029.721	38.78	1029.721	29.33	
1030.011	28.61	1030.011	32.78	1030.011	30.33	
1030.3	29.61	1030.3	32.78	1030.3	31.33	
1030.59	32.61	1030.59	24.78	1030.59	29.33	
1030.88	31.61	1030.88	24.78	1030.88	30.33	
1031.169	31.61	1031.169	32.78	1031.169	37.33	
1031.459	27.61	1031.459	32.78	1031.459	32.33	
1031.749	33.61	1031.749	33.78	1031.749	33.33	
1032.038	29.61	1032.038	33.78	1032.038	28.33	
1032.328	40.61	1032.328	35.78	1032.328	35.33	
1032.617	28.61	1032.617	30.78	1032.617	37.33	
1032.906	31.61	1032.906	30.78	1032.906	38.33	
1033.196	27.61	1033.196	34.78	1033.196	31.33	
1033.485	29.61	1033.485	39.78	1033.485	28.33	
1033.774	25.61	1033.774	33.78	1033.774	26.33	
1034.063	27.61	1034.063	25.78	1034.063	30.33	
1034.352	29.61	1034.352	31.78	1034.352	34.33	
1034.641	32.61	1034.641	40.78	1034.641	35.33	
1034.93	29.61	1034.93	28.78	1034.93	28.33	
1035.219	32.61	1035.219	33.78	1035.219	33.33	
1035.508	39.61	1035.508	30.78	1035.508	35.33	
1035.796	34.61	1035.796	32.78	1035.796	31.33	
1036.085	37.61	1036.085	27.78	1036.085	31.33	
1036.374	32.61	1036.374	26.78	1036.374	35.33	
1036.662	30.61	1036.662	30.78	1036.662	29.33	
1036.951	25.61	1036.951	27.78	1036.951	28.33	
1037.24	28.61	1037.24	32.78	1037.24	29.33	
1037.528	31.61	1037.528	29.78	1037.528	30.33	
1037.816	31.61	1037.816	33.78	1037.816	25.33	
1038.105	35.61	1038.105	29.78	1038.105	27.33	
1038.393	14.61	1038.393	32.78	1038.393	27.33	
1038.681	28.61	1038.681	34.78	1038.681	26.33	
1038.969	29.61	1038.969	35.78	1038.969	29.33	
1039.258	35.61	1039.258	37.78	1039.258	28.33	
1039.546	27.61	1039.546	25.78	1039.546	32.33	
1039.834	27.61	1039.834	28.78	1039.834	29.33	
1040.122	28.61	1040.122	33.78	1040.122	27.33	
1040.409	26.61	1040.409	35.78	1040.409	29.33	
1040.697	32.61	1040.697	28.78	1040.697	30.33	
1040.985	32.61	1040.985	30.78	1040.985	29.33	
1041.273	34.61	1041.273	37.78	1041.273	31.33	
1041.561	29.61	1041.561	28.78	1041.561	30.33	
1041.848	30.61	1041.848	27.78	1041.848	33.33	
1042.136	36.61	1042.136	29.78	1042.136	28.33	
1042.423	33.61	1042.423	24.78	1042.423	31.33	
1042.711	34.61	1042.711	23.78	1042.711	33.33	
1042.998	31.61	1042.998	28.78	1042.998	32.33	
1043.285	26.61	1043.285	29.78	1043.285	26.33	
1043.573	35.61	1043.573	33.78	1043.573	29.33	
1043.86	32.61	1043.86	32.78	1043.86	25.33	
1044.147	25.61	1044.147	33.78	1044.147	28.33	
1044.434	26.61	1044.434	37.78	1044.434	27.33	
1044.721	28.61	1044.721	36.78	1044.721	26.33	
1045.008	33.61	1045.008	32.78	1045.008	24.33	
1045.295	37.61	1045.295	37.78	1045.295	33.33	
1045.582	25.61	1045.582	32.78	1045.582	23.33	
1045.869	28.61	1045.869	26.78	1045.869	29.33	
1046.156	24.61	1046.156	35.78	1046.156	36.33	
1046.443	30.61	1046.443	30.78	1046.443	26.33	
1046.729	32.61	1046.729	31.78	1046.729	26.33	
1047.016	36.61	1047.016	31.78	1047.016	27.33	
1047.303	35.61	1047.303	34.78	1047.303	22.33	
1047.589	37.61	1047.589	28.78	1047.589	27.33	
1047.876	32.61	1047.876	27.78	1047.876	25.33	
1048.162	23.61	1048.162	33.78	1048.162	32.33	
1048.448	33.61	1048.448	30.78	1048.448	30.33	
1048.735	31.61	1048.735	39.78	1048.735	26.33	
1049.021	29.61	1049.021	31.78	1049.021	30.33	
1049.307	31.61	1049.307	30.78	1049.307	31.33	
1049.593	32.61	1049.593	27.78	1049.593	31.33	
1049.879	26.61	1049.879	30.78	1049.879	35.33	
1050.165	31.61	1050.165	28.78	1050.165	35.33	
1050.451	30.61	1050.451	36.78	1050.451	30.33	
1050.737	27.61	1050.737	30.78	1050.737	26.33	
1051.023	28.61	1051.023	27.78	1051.023	36.33	
1051.309	32.61	1051.309	23.78	1051.309	29.33	
1051.595	30.61	1051.595	28.78	1051.595	27.33	
1051.88	25.61	1051.88	33.78	1051.88	33.33	
1052.166	40.61	1052.166	37.78	1052.166	27.33	
1052.452	28.61	1052.452	26.78	1052.452	29.33	
1052.737	30.61	1052.737	27.78	1052.737	29.33	
1053.023	25.61	1053.023	33.78	1053.023	22.33	
1053.308	27.61	1053.308	34.78	1053.308	31.33	
1053.593	41.61	1053.593	34.78	1053.593	29.33	
1053.879	25.61	1053.879	34.78	1053.879	31.33	
1054.164	24.61	1054.164	28.78	1054.164	34.33	
1054.449	37.61	1054.449	40.78	1054.449	43.33	
1054.734	33.61	1054.734	25.78	1054.734	32.33	
1055.02	34.61	1055.02	23.78	1055.02	32.33	
1055.305	28.61	1055.305	34.78	1055.305	27.33	
1055.59	29.61	1055.59	20.78	1055.59	31.33	
1055.874	28.61	1055.874	32.78	1055.874	31.33	
1056.159	28.61	1056.159	30.78	1056.159	37.33	
1056.444	25.61	1056.444	30.78	1056.444	27.33	
1056.729	26.61	1056.729	28.78	1056.729	31.33	
1057.014	28.61	1057.014	33.78	1057.014	31.33	
1057.298	24.61	1057.298	26.78	1057.298	21.33	
