Relative:208		
370.649	-1098.57	
371.03	-172.86	
371.41	59.77	
371.79	172.07	
372.171	-14.14	
372.551	-1015	
372.931	420.91	
373.312	-266.36	
373.692	26.28	
374.072	46.91	
374.452	-151.82	
374.832	59.37	
375.212	-209.5	
375.592	29.31	
375.972	-57.59	
376.352	21.61	
376.732	22.09	
377.112	85.17	
377.491	146.35	
377.871	115.19	
378.251	-1.72	
378.631	43.11	
379.01	-835	
379.39	-397.27	
379.769	87.96	
380.149	89.49	
380.528	95.12	
380.908	89.3	
381.287	95.66	
381.667	87.3	
382.046	87.14	
382.425	89.85	
382.804	102.63	
383.184	91.59	
383.563	92.77	
383.942	87.21	
384.321	91.43	
384.7	91.72	
385.079	94.2	
385.458	89.97	
385.837	88.02	
386.216	87.18	
386.595	85.8	
386.974	88.65	
387.352	89.53	
387.731	89.56	
388.11	88.5	
388.489	85.41	
388.867	86.89	
389.246	85.39	
389.624	85.24	
390.003	88.3	
390.381	85.66	
390.76	83.35	
391.138	86.01	
391.517	85.53	
391.895	84.99	
392.273	81.39	
392.651	85.39	
393.03	85.35	
393.408	81.97	
393.786	82.49	
394.164	82.67	
394.542	83.56	
394.92	80.88	
395.298	80.65	
395.676	79.7	
396.054	81.79	
396.432	79.37	
396.81	81.37	
397.187	81.46	
397.565	80.56	
397.943	80.8	
398.32	80.26	
398.698	81.11	
399.076	81.01	
399.453	79.52	
399.831	80.91	
400.208	80.3	
400.586	81.67	
400.963	81.96	
401.34	81.62	
401.718	80.14	
402.095	81.45	
402.472	80.67	
402.849	83.02	
403.227	81.96	
403.604	82.18	
403.981	81.61	
404.358	80.82	
404.735	83.1	
405.112	81.38	
405.489	81.47	
405.866	83.39	
406.242	84.8	
406.619	82.74	
406.996	83.02	
407.373	81.73	
407.749	82.65	
408.126	82.05	
408.503	83.25	
408.879	83.72	
409.256	82.1	
409.632	82.29	
410.009	82.93	
410.385	84.58	
410.761	83.65	
411.138	82.37	
411.514	83.91	
411.89	83.55	
412.267	83.51	
412.643	83.46	
413.019	83.52	
413.395	84.54	
413.771	83.6	
414.147	84.91	
414.523	84.02	
414.899	84.04	
415.275	84.48	
415.651	84.8	
416.027	84.51	
416.402	84.94	
416.778	84.94	
417.154	85.84	
417.529	85.56	
417.905	85.4	
418.281	84.98	
418.656	86.1	
419.032	84.9	
419.407	86	
419.783	86.03	
420.158	85.44	
420.533	84.8	
420.909	86.02	
421.284	84.89	
421.659	85.23	
422.034	85.72	
422.41	86.05	
422.785	84.55	
423.16	86.15	
423.535	85.44	
423.91	84.72	
424.285	84.99	
424.66	85.45	
425.035	83.88	
425.409	84.66	
425.784	85.58	
426.159	86.32	
426.534	84.71	
426.908	85.54	
427.283	85.81	
427.658	85.71	
428.032	84.67	
428.407	85.02	
428.781	85.45	
429.156	85.3	
429.53	84.73	
429.904	86.35	
430.279	85.28	
430.653	86.32	
431.027	85.7	
431.401	85.42	
431.776	86.61	
432.15	85.6	
432.524	85.58	
432.898	86.31	
433.272	86.46	
433.646	85.91	
434.02	87.57	
434.394	87.6	
434.767	87.05	
435.141	85.49	
435.515	87.46	
435.889	86.1	
436.262	87.08	
436.636	86.51	
437.01	86.77	
437.383	86.53	
437.757	86.58	
438.13	87.68	
438.504	85.79	
438.877	87.18	
439.251	87.5	
439.624	86.54	
439.997	86.18	
440.37	85.61	
440.744	86.25	
441.117	84.94	
441.49	87.15	
441.863	87.1	
442.236	86.14	
442.609	86.34	
442.982	85.56	
443.355	87.66	
443.728	86.18	
444.101	86.74	
444.474	86.31	
444.846	85.59	
445.219	87.09	
445.592	87.1	
445.964	85.42	
446.337	86.42	
446.71	85.92	
447.082	85.3	
447.455	86.1	
447.827	84.75	
448.2	84.18	
448.572	84.17	
448.944	84.29	
449.317	84.56	
449.689	84.33	
450.061	84.7	
450.433	83.85	
450.805	82.15	
451.177	82.44	
451.549	82.86	
451.921	83.32	
452.293	82.25	
452.665	85.23	
453.037	84.31	
453.409	84.59	
453.781	82.92	
454.153	82.95	
454.524	83.77	
454.896	82.83	
455.268	81.05	
455.639	82.27	
456.011	82.62	
456.382	82.98	
456.754	83.24	
457.125	82.09	
457.497	83.7	
457.868	81.73	
458.239	81.66	
458.611	82.8	
458.982	82.74	
459.353	81.44	
459.724	81.92	
460.096	81.36	
460.467	81.45	
460.838	80.65	
461.209	81.77	
461.58	81.25	
461.951	82.81	
462.321	81.94	
462.692	82.26	
463.063	80.21	
463.434	80.54	
463.805	81.76	
464.175	82.28	
464.546	79.46	
464.917	78.83	
465.287	79.06	
465.658	81.35	
466.028	79.15	
466.399	79.74	
466.769	80.47	
467.139	78.33	
467.51	79.11	
467.88	78.45	
468.25	79.4	
468.62	79.28	
468.99	78.23	
469.361	78.75	
469.731	78.29	
470.101	79.41	
470.471	79.01	
470.841	79.01	
471.211	78.81	
471.58	79.13	
471.95	78.29	
472.32	77.82	
472.69	79.06	
473.06	78.29	
473.429	78.82	
473.799	78.94	
474.168	78.76	
474.538	78.19	
474.907	78.04	
475.277	77.89	
475.646	79.54	
476.016	78.62	
476.385	77.72	
476.754	78.73	
477.124	78.22	
477.493	77.87	
477.862	77.69	
478.231	77.49	
478.6	76.74	
478.969	76.96	
479.338	78.4	
479.707	76.9	
480.076	77.6	
480.445	76.44	
480.814	76.59	
481.183	76.84	
481.552	76.44	
481.92	77.25	
482.289	76.81	
482.658	76.18	
483.026	76.97	
483.395	76.28	
483.763	75.3	
484.132	76.72	
484.5	76.76	
484.869	75.54	
485.237	75.38	
485.606	75.57	
485.974	76.32	
486.342	75.32	
486.71	75.24	
487.078	74.89	
487.447	75.36	
487.815	75.05	
488.183	74.86	
488.551	75.24	
488.919	74.34	
489.287	74.18	
489.654	74.1	
490.022	74.67	
490.39	73.61	
490.758	73.16	
491.126	72.95	
491.493	73.39	
491.861	73.06	
492.228	72.42	
492.596	72.29	
492.963	72.44	
493.331	72.33	
493.698	71.88	
494.066	71.48	
494.433	70.43	
494.8	70.69	
495.168	71.43	
495.535	71.18	
495.902	71.73	
496.269	70.5	
496.636	70.48	
497.003	70	
497.37	69.84	
497.737	69.55	
498.104	68.8	
498.471	69.62	
498.838	69.18	
499.205	69.24	
499.572	68.42	
499.938	68.1	
500.305	68.42	
500.672	69.1	
501.038	67.87	
501.405	66.49	
501.771	66.39	
502.138	66.87	
502.504	66.2	
502.871	67.9	
503.237	66.13	
503.603	65.6	
503.97	66.02	
504.336	65.76	
504.702	65.75	
505.068	64.47	
505.434	65.42	
505.8	65.94	
506.166	63.82	
506.532	64.22	
506.898	65.27	
507.264	64.02	
507.63	63.85	
507.996	63.51	
508.362	63.56	
508.727	62.28	
509.093	63.9	
509.459	63.26	
509.824	64.17	
510.19	63.37	
510.555	63.03	
510.921	62.4	
511.286	63.87	
511.652	61.94	
512.017	63.1	
512.382	63.03	
512.748	63.23	
513.113	62.32	
513.478	63.19	
513.843	63.3	
514.208	63.25	
514.574	61.72	
514.939	62.21	
515.304	62.99	
515.668	63.71	
516.033	62.6	
516.398	62.83	
516.763	62.78	
517.128	62.57	
517.493	62.3	
517.857	63	
518.222	61.32	
518.587	62.21	
518.951	62.3	
519.316	62.37	
519.68	63.59	
520.045	61.82	
520.409	62.42	
520.773	62.56	
521.138	60.77	
521.502	62.82	
521.866	63.04	
522.23	62.97	
522.595	62.6	
522.959	62.98	
523.323	62.04	
523.687	61.96	
524.051	62.05	
524.415	62.35	
524.779	62.21	
525.143	63.03	
525.506	62.82	
525.87	62.66	
526.234	63.41	
526.598	62.69	
526.961	63.05	
527.325	62.42	
527.688	63.03	
528.052	61.68	
528.415	62.9	
528.779	61.48	
529.142	63.13	
529.506	62.28	
529.869	61.41	
530.232	62.19	
530.595	61.76	
530.959	61.11	
531.322	61.33	
531.685	60.45	
532.048	61.4	
532.411	59.87	
532.774	60.74	
533.137	60.25	
533.5	60.81	
533.863	59.77	
534.226	60.07	
534.588	59.47	
534.951	59.54	
535.314	60.04	
535.676	58.37	
536.039	59.09	
536.402	59.04	
536.764	58.32	
537.127	57.16	
537.489	57.88	
537.851	58.18	
538.214	57.74	
538.576	58.36	
538.938	56.5	
539.301	57.29	
539.663	57.04	
540.025	55.99	
540.387	56.62	
540.749	56.18	
541.111	56.21	
541.473	55.87	
541.835	55.89	
542.197	56.49	
542.559	55.18	
542.921	55.79	
543.282	55.11	
543.644	55.38	
544.006	55.44	
544.367	54.57	
544.729	53.83	
545.091	54.05	
545.452	54.35	
545.814	54.01	
546.175	53.95	
546.536	53.76	
546.898	54.08	
547.259	52.81	
547.62	54.26	
547.981	54.01	
548.343	53.52	
548.704	52.52	
549.065	53.15	
549.426	53.18	
549.787	52.96	
550.148	52.34	
550.509	52.52	
550.87	52.52	
551.231	53.63	
551.591	52.84	
551.952	52.82	
552.313	52.65	
552.673	52.85	
553.034	53.2	
553.395	53.1	
553.755	53.52	
554.116	52.42	
554.476	52.88	
554.837	53.83	
555.197	53.22	
555.557	52.59	
555.918	52.74	
556.278	53.51	
556.638	53.11	
556.998	53.64	
557.358	53.57	
557.718	53.34	
558.078	53.1	
558.438	53.9	
558.798	53.07	
559.158	54.04	
559.518	53.58	
559.878	54.34	
560.238	54.14	
560.597	54.69	
560.957	54.27	
561.317	54.39	
561.676	54.38	
562.036	54.2	
562.395	54.8	
562.755	53.87	
563.114	55.43	
563.474	55.6	
563.833	55	
564.192	55.2	
564.552	54.51	
564.911	54.43	
565.27	55.71	
565.629	55.16	
565.988	55.64	
566.347	55.35	
566.706	56.94	
567.065	55.59	
567.424	55.67	
567.783	55.18	
568.142	56.38	
568.501	56.12	
568.859	56.58	
569.218	55.79	
569.577	57.36	
569.935	56.36	
570.294	56.82	
570.653	56.62	
571.011	57.54	
571.369	56.74	
571.728	57.84	
572.086	58.24	
572.445	57.06	
572.803	57.52	
573.161	57.48	
573.519	57.51	
573.877	58.34	
574.236	57.3	
574.594	57.47	
574.952	57.45	
575.31	57.41	
575.668	57.57	
576.025	58.24	
576.383	58.68	
576.741	59.07	
577.099	57.85	
577.457	57.7	
577.814	58.05	
578.172	58.45	
578.529	58.17	
578.887	59.15	
579.245	58.53	
579.602	58.64	
579.959	58.5	
580.317	59.5	
580.674	58.5	
581.031	58.82	
581.389	58.58	
581.746	59.96	
582.103	58.88	
582.46	59.63	
582.817	58.72	
583.174	58.59	
583.531	59.01	
583.888	59.19	
584.245	58.58	
584.602	59.39	
584.959	58.53	
585.316	59.36	
585.672	58.66	
586.029	59.03	
586.386	59.52	
586.742	58.96	
587.099	58.51	
587.455	60.14	
587.812	59.43	
588.168	59.74	
588.525	58.64	
588.881	58.88	
589.237	58.52	
589.593	58.85	
589.95	59.02	
590.306	59.22	
590.662	59.91	
591.018	59.43	
591.374	58.86	
591.73	58.25	
592.086	59.16	
592.442	60.04	
592.798	58.26	
593.154	59.88	
593.509	59.72	
593.865	58.95	
594.221	60.12	
594.576	59.5	
594.932	59.43	
595.288	59.46	
595.643	58.54	
595.999	60.33	
596.354	60.17	
596.709	59.34	
597.065	59.37	
597.42	59.19	
597.775	59.68	
598.131	59.3	
598.486	60.26	
598.841	60.91	
599.196	60.2	
599.551	59.2	
599.906	60.81	
600.261	60.15	
600.616	59	
600.971	60.39	
601.326	60.75	
601.68	60.41	
602.035	59.98	
602.39	59.7	
602.744	59.98	
603.099	60.12	
603.454	59.76	
603.808	59.68	
604.163	61.28	
604.517	60.21	
604.871	59.93	
605.226	60.33	
605.58	60.49	
605.934	60.7	
606.289	60.89	
606.643	60.32	
606.997	61.53	
607.351	60.06	
607.705	61.09	
608.059	61.17	
608.413	60.28	
608.767	60.84	
609.121	60.81	
609.474	60.11	
609.828	60.76	
610.182	60.99	
610.536	61.72	
610.889	61.56	
611.243	62.09	
611.597	60.91	
611.95	61.27	
612.303	62.14	
612.657	61.82	
613.01	61.19	
613.364	61.81	
613.717	62.19	
614.07	61.78	
614.423	62.25	
614.777	61.22	
615.13	62.35	
615.483	61.22	
615.836	62.4	
616.189	61.96	
616.542	62.35	
616.895	62.5	
617.247	62.43	
617.6	61.09	
617.953	61.54	
618.306	62.49	
618.658	60.53	
619.011	62.78	
619.364	62.97	
619.716	61.72	
620.069	62.14	
620.421	62.19	
620.774	62.77	
621.126	63.62	
621.478	63.97	
621.831	63.11	
622.183	63.35	
622.535	63.35	
622.887	63.62	
623.239	62.76	
623.591	62.94	
623.943	63.73	
624.295	63.83	
624.647	61.9	
624.999	64.17	
625.351	63.48	
625.703	63.8	
626.055	62.85	
626.406	64.41	
626.758	63.43	
627.11	63.27	
627.461	62.73	
627.813	62.98	
628.164	63.62	
628.516	64.56	
628.867	63.44	
629.218	62.98	
629.57	63.61	
629.921	65.08	
630.272	66.23	
630.623	64.4	
630.975	64.64	
631.326	64.51	
631.677	65.52	
632.028	65.47	
632.379	65.31	
632.73	65.85	
633.08	65.53	
633.431	63.81	
633.782	64.95	
634.133	66.8	
634.484	65.06	
634.834	64.15	
635.185	65.6	
635.535	65.68	
635.886	64.77	
636.236	65.69	
636.587	64.75	
636.937	65.37	
637.287	66.36	
637.638	65.14	
637.988	64.54	
638.338	66.27	
638.688	65.96	
639.039	66.4	
639.389	66.23	
639.739	66.29	
640.089	65.74	
640.439	66.6	
640.788	65.26	
641.138	66.42	
641.488	67.41	
641.838	66.33	
642.188	65.91	
642.537	67.26	
642.887	67.4	
643.236	65.62	
643.586	65.58	
643.936	66.15	
644.285	66.25	
644.634	67.61	
644.984	68.29	
645.333	67.7	
645.682	66.72	
646.032	66.85	
646.381	65.88	
646.73	66.75	
647.079	67.08	
647.428	66.92	
647.777	67.77	
648.126	66.96	
648.475	66.94	
648.824	66.32	
649.173	66.96	
649.521	65.85	
649.87	66.12	
650.219	66.91	
650.567	68.09	
650.916	66.77	
651.265	68.23	
651.613	68.53	
651.962	67.05	
652.31	67.45	
652.658	68	
653.007	68.44	
653.355	67.85	
653.703	67.73	
654.052	68.56	
654.4	68.5	
654.748	68.6	
655.096	68.48	
655.444	68.78	
655.792	68.74	
656.14	68.21	
656.488	68.07	
656.836	68.22	
657.183	68.4	
657.531	67.97	
657.879	67.67	
658.226	67.83	
658.574	69.2	
658.922	66.87	
659.269	69.4	
659.617	68.76	
659.964	70.11	
660.311	68.21	
660.659	69.31	
661.006	67.85	
661.353	68.42	
661.701	68.44	
662.048	69.18	
662.395	69.93	
662.742	68.26	
663.089	67.81	
663.436	69.67	
663.783	68.14	
664.13	67.96	
664.477	69.96	
664.824	68.96	
665.17	69.33	
665.517	69.58	
665.864	69.2	
666.21	68.5	
666.557	69.64	
666.903	68.73	
667.25	69.38	
667.596	69.32	
667.943	71.38	
668.289	69.69	
668.635	70.42	
668.982	70.49	
669.328	68.94	
669.674	69.07	
670.02	69.24	
670.366	71.09	
670.712	71.15	
671.058	70.45	
671.404	69.42	
671.75	70.26	
672.096	70.22	
672.442	69.19	
672.788	70.83	
673.133	69.2	
673.479	70.05	
673.825	70.15	
674.17	71.15	
674.516	68.91	
674.861	69.87	
675.207	71.16	
675.552	70.07	
675.898	71.86	
676.243	69.31	
676.588	68.92	
676.933	71.21	
677.279	70.91	
677.624	70.83	
677.969	69.3	
678.314	70.99	
678.659	69.6	
679.004	69.5	
679.349	70.41	
679.694	71.11	
680.038	69.18	
680.383	70.92	
680.728	71.21	
681.073	69.67	
681.417	71.59	
681.762	70.69	
682.106	71.14	
682.451	71.47	
682.795	70.73	
683.14	71.46	
683.484	72.59	
683.828	71.72	
684.173	70.48	
684.517	70.03	
684.861	69.13	
685.205	71.71	
685.549	69.25	
685.893	70.51	
686.237	70.53	
686.581	71.08	
686.925	70.56	
687.269	69.79	
687.613	69.4	
687.957	71.17	
688.301	69.84	
688.644	71	
688.988	72.35	
689.331	70.63	
689.675	70.59	
690.018	71.72	
690.362	70.45	
690.705	70.37	
691.049	70.27	
691.392	71.91	
691.735	72.06	
692.079	72.21	
692.422	72.39	
692.765	71.52	
693.108	71.31	
693.451	72.5	
693.794	71.9	
694.137	72.09	
694.48	72.42	
694.823	71.96	
695.165	72.99	
695.508	70.64	
695.851	71.17	
696.194	72.75	
696.536	72.23	
696.879	74.59	
697.221	71.47	
697.564	71.62	
697.906	73.57	
698.249	74.34	
698.591	74	
698.933	74.27	
699.276	72.09	
699.618	72.01	
699.96	73.54	
700.302	71.79	
700.644	72.77	
700.986	75.04	
701.328	73.1	
701.67	72.83	
702.012	75.28	
702.354	73.84	
702.696	72.79	
703.038	73.72	
703.379	74.42	
703.721	72.62	
704.063	74.19	
704.404	73.2	
704.746	76.93	
705.087	74.02	
705.429	76.69	
705.77	75.18	
706.111	74.06	
706.453	72.58	
706.794	75.04	
707.135	75.53	
707.476	73.72	
707.817	74.94	
708.158	74.82	
708.5	74.1	
708.84	76.53	
709.181	75.75	
709.522	75.6	
709.863	78.38	
710.204	75.04	
710.545	76.97	
710.885	76.49	
711.226	75.26	
711.567	75.84	
711.907	78.01	
712.248	76.7	
712.588	76.07	
712.929	76.71	
713.269	77.67	
713.609	78.17	
713.95	79.22	
714.29	77.32	
714.63	74.67	
714.97	78.85	
715.31	76.75	
715.65	78.43	
715.99	78.32	
716.33	78.36	
716.67	79.22	
717.01	79.81	
717.35	77.13	
717.69	78.77	
718.029	80.1	
718.369	77.84	
718.709	79.12	
719.048	80.05	
719.388	79.78	
719.727	79.37	
720.067	76.3	
720.406	79.9	
720.746	78.67	
721.085	79.84	
721.424	78.83	
721.763	80.55	
722.103	81.18	
722.442	80.02	
722.781	80.46	
723.12	79.93	
723.459	81.26	
723.798	79.74	
724.137	80.39	
724.476	81.02	
724.814	78.84	
725.153	81.45	
725.492	80.94	
725.83	83.29	
726.169	80.37	
726.508	81.21	
726.846	80.22	
727.185	82.74	
727.523	80.58	
727.861	82.22	
728.2	81.41	
728.538	82.88	
728.876	82.39	
729.215	80.86	
729.553	81.76	
729.891	82.35	
730.229	82.96	
730.567	84.13	
730.905	84.15	
731.243	83.04	
731.581	83	
731.918	83.05	
732.256	84.67	
732.594	85.3	
732.932	82.92	
733.269	85.1	
733.607	84.28	
733.944	85.72	
734.282	85.17	
734.619	82.95	
734.957	84.49	
735.294	84.65	
735.631	85.45	
735.969	84.89	
736.306	86.04	
736.643	85.53	
736.98	87.4	
737.317	87.46	
737.654	87.45	
737.991	86.17	
738.328	87.37	
738.665	85.97	
739.002	85.64	
739.339	88.88	
739.676	92.55	
740.012	88.66	
740.349	87.77	
740.685	89.44	
741.022	89.04	
741.359	90.62	
741.695	89.26	
742.031	88.43	
742.368	89.91	
742.704	90.84	
743.04	88.7	
743.377	91.19	
743.713	93.35	
744.049	90.88	
744.385	90.09	
744.721	92.23	
745.057	93.36	
745.393	91.49	
745.729	93.27	
746.065	90.8	
746.401	91.54	
746.736	89.98	
747.072	91.8	
747.408	91.11	
747.743	94.51	
748.079	96.45	
748.415	96.08	
748.75	94.24	
749.085	96.72	
749.421	93.11	
749.756	92.89	
750.091	95.35	
750.427	94.25	
750.762	95.48	
751.097	95.43	
751.432	96.39	
751.767	96.93	
752.102	96.38	
752.437	98.64	
752.772	95.7	
753.107	97.31	
753.442	97.7	
753.777	97.58	
754.111	96.44	
754.446	96.3	
754.781	97.53	
755.115	97.26	
755.45	99.21	
755.784	98.58	
756.119	98.23	
756.453	97.38	
756.787	96.52	
757.122	98.71	
757.456	99.31	
757.79	96.17	
758.124	97.63	
758.459	99.47	
758.793	96.37	
759.127	97.85	
759.461	95.99	
759.794	99.28	
760.128	98.06	
760.462	96.33	
760.796	101.34	
761.13	98.35	
761.463	99.22	
761.797	97.08	
762.131	101.5	
762.464	99.01	
762.798	97.54	
763.131	98.27	
763.465	101.17	
763.798	103.23	
764.131	96.73	
764.464	98.92	
764.798	99.77	
765.131	101.67	
765.464	99.52	
765.797	97	
766.13	99.76	
766.463	97.77	
766.796	99.13	
767.129	101.25	
767.462	95.89	
767.794	100.31	
768.127	100.56	
768.46	96.97	
768.793	102.8	
769.125	101.15	
769.458	100.46	
769.79	100.92	
770.123	99.73	
770.455	100.48	
770.787	95.16	
771.12	97.92	
771.452	100.34	
771.784	99.72	
772.116	99.88	
772.448	96.63	
772.781	97.77	
773.113	94.12	
773.445	97.52	
773.776	99.52	
774.108	101.2	
774.44	97.8	
774.772	96.58	
775.104	98.05	
775.435	97.24	
775.767	99.21	
776.099	99.42	
776.43	99.42	
776.762	97.65	
777.093	98.91	
777.425	97.64	
777.756	101.2	
778.087	97.09	
778.418	98.14	
778.75	99.05	
779.081	100.61	
779.412	101.42	
779.743	99.88	
780.074	102.9	
780.405	97.59	
780.736	100.17	
781.067	103.16	
781.398	98.78	
781.728	99.93	
782.059	100.74	
782.39	97	
782.72	100.27	
783.051	96.82	
783.382	99.2	
783.712	95.75	
784.043	96.7	
784.373	97.98	
784.703	98.11	
785.034	99.93	
785.364	98.89	
785.694	97.23	
786.024	99	
786.354	98.31	
786.684	98.83	
787.014	98.98	
787.344	98	
787.674	97.07	
788.004	99.19	
788.334	98.17	
788.664	96.43	
788.993	96.8	
789.323	98.63	
789.653	100.73	
789.982	97.53	
790.312	97.3	
790.641	95.67	
790.971	101.18	
791.3	97.75	
791.63	99.59	
791.959	99.29	
792.288	97.78	
792.617	98.14	
792.946	95.45	
793.276	100.33	
793.605	98.14	
793.934	94.28	
794.263	100.91	
794.591	100.18	
794.92	96.64	
795.249	95.06	
795.578	96.3	
795.907	96.1	
796.235	94.22	
796.564	97.94	
796.892	98.72	
797.221	98.2	
797.549	97.02	
797.878	97.67	
798.206	96.36	
798.535	98.42	
798.863	95.43	
799.191	97.44	
799.519	99.7	
799.847	94.54	
800.175	93.6	
800.504	96.45	
800.832	94.19	
801.159	96.21	
801.487	94.48	
801.815	97.97	
802.143	98.33	
802.471	94.27	
802.798	96.88	
803.126	97.62	
803.454	96.25	
803.781	95.09	
804.109	101.04	
804.436	97.47	
804.764	97.67	
805.091	94.3	
805.418	97.67	
805.746	97.35	
806.073	95.94	
806.4	96.82	
806.727	99.41	
807.054	97.1	
807.381	95.9	
807.708	94.35	
808.035	98.08	
808.362	97.85	
808.689	94.59	
809.016	98.3	
809.342	98.37	
809.669	98.95	
809.996	99.83	
810.322	100.73	
810.649	100.86	
810.975	98.34	
811.302	99.42	
811.628	99.86	
811.954	100.13	
812.281	99.17	
812.607	100.03	
812.933	98.82	
813.259	99.01	
813.585	98.87	
813.911	98.86	
814.237	99.53	
814.563	100.09	
814.889	100.51	
815.215	99.4	
815.541	99.1	
815.867	98.98	
816.192	99.82	
816.518	99.57	
816.844	98.71	
817.169	100.16	
817.495	98.93	
817.82	99.18	
818.146	99.52	
818.471	99.18	
818.796	98.34	
819.122	97.64	
819.447	97.7	
819.772	98.39	
820.097	97.8	
820.422	98.24	
820.747	97.5	
821.072	97.24	
821.397	99.27	
821.722	97.29	
822.047	99.36	
822.372	100.38	
822.696	96.85	
823.021	99.21	
823.346	98.1	
823.67	97.03	
823.995	97.23	
824.319	98.84	
824.644	97.01	
824.968	98.68	
825.292	98.73	
825.617	97.49	
825.941	97.96	
826.265	97.11	
826.589	99.23	
826.913	98.55	
827.237	96.54	
827.561	98.15	
827.885	96.35	
828.209	95.93	
828.533	98.06	
828.857	97.32	
829.181	96.26	
829.504	96.02	
829.828	96.22	
830.152	95.58	
830.475	98.28	
830.799	96.16	
831.122	95.5	
831.445	94.86	
831.769	96.86	
832.092	95.59	
832.415	92.09	
832.739	99.12	
833.062	95.77	
833.385	97.27	
833.708	95.08	
834.031	97.76	
834.354	96.87	
834.677	96.21	
835	95.94	
835.322	95.98	
835.645	92.32	
835.968	97.81	
836.291	92	
836.613	94.59	
836.936	94.38	
837.258	97.95	
837.581	95.36	
837.903	97.44	
838.226	92.73	
838.548	94.07	
838.87	93.79	
839.192	95.87	
839.515	92.54	
839.837	94.84	
840.159	93.86	
840.481	92.46	
840.803	91.87	
841.125	93.65	
841.447	96.02	
841.768	94.75	
842.09	94.35	
842.412	95.13	
842.734	94.12	
843.055	94.11	
843.377	95.44	
843.698	95.47	
844.02	93.16	
844.341	93.14	
844.663	96.82	
844.984	92.23	
845.305	91.73	
845.627	94.54	
845.948	92.89	
846.269	92.26	
846.59	96.26	
846.911	96.29	
847.232	98.81	
847.553	95.17	
847.874	91.92	
848.195	89.59	
848.515	92.37	
848.836	94.96	
849.157	97.9	
849.478	95.26	
849.798	91.37	
850.119	96.51	
850.439	95.37	
850.76	93.17	
851.08	98.03	
851.4	94.48	
851.721	97.23	
852.041	95.28	
852.361	92.22	
852.681	91.02	
853.001	92.3	
853.321	96.3	
853.641	95.57	
853.961	94.65	
854.281	94.75	
854.601	95.38	
854.921	95.31	
855.241	93.77	
855.56	94.23	
855.88	94.13	
856.199	96.18	
856.519	94.59	
856.839	92.47	
857.158	93.85	
857.477	95.39	
857.797	98.77	
858.116	96.8	
858.435	94.73	
858.754	93.19	
859.074	92.04	
859.393	97.03	
859.712	101.97	
860.031	99.18	
860.35	96.12	
860.669	97.44	
860.987	96.97	
861.306	95.59	
861.625	93.3	
861.944	95.34	
862.262	95.34	
862.581	94.2	
862.9	95.4	
863.218	93.09	
863.536	95.5	
863.855	98.62	
864.173	98.11	
864.492	97.21	
864.81	95.94	
865.128	94.4	
865.446	96.31	
865.764	96.7	
866.082	97.7	
866.4	98.8	
866.718	96.08	
867.036	96.87	
867.354	96.05	
867.672	99.19	
867.99	98.06	
868.307	97.91	
868.625	98.16	
868.942	98.95	
869.26	99.94	
869.578	96.38	
869.895	98.26	
870.212	98.81	
870.53	98.99	
870.847	99.56	
871.164	96.64	
871.481	100	
871.799	97.42	
872.116	99.44	
872.433	98.71	
872.75	96.91	
873.067	98.04	
873.384	96.57	
873.7	97.4	
874.017	98.08	
874.334	97.54	
874.651	99.06	
874.967	97.23	
875.284	98.19	
875.6	97.07	
875.917	97.17	
876.233	98.15	
876.55	97.07	
876.866	96.7	
877.182	96.31	
877.499	97.04	
877.815	97.2	
878.131	95.47	
878.447	95.07	
878.763	96.82	
879.079	96.7	
879.395	95.1	
879.711	94.39	
880.027	94.21	
880.343	96.2	
880.658	95.61	
880.974	95.94	
881.29	97.74	
881.605	97.6	
881.921	96.23	
882.236	96.45	
882.552	95.74	
882.867	98.29	
883.182	97.51	
883.498	99.21	
883.813	93.52	
884.128	98	
884.443	96.76	
884.758	96.84	
885.073	97.72	
885.388	95.95	
885.703	98.53	
886.018	99.52	
886.333	96.79	
886.648	96.81	
886.962	96.3	
887.277	97.19	
887.592	96.97	
887.906	99.09	
888.221	96.83	
888.535	95.22	
888.85	94.9	
889.164	95.79	
889.478	97.08	
889.793	96.54	
890.107	95.73	
890.421	95.3	
890.735	95.46	
891.049	97.67	
891.363	95.51	
891.677	98.93	
891.991	98.1	
892.305	96.75	
892.619	98.02	
892.933	98.38	
893.246	96.73	
893.56	98.58	
893.874	96.37	
894.187	97.86	
894.501	95.09	
894.814	97.28	
895.128	96.2	
895.441	99.53	
895.754	96.36	
896.068	97.24	
896.381	98.22	
896.694	96.32	
897.007	94.66	
897.32	94.79	
897.633	95.9	
897.946	98.09	
898.259	97.59	
898.572	96.41	
898.885	93.68	
899.197	95.21	
899.51	94.12	
899.823	95.12	
900.135	96.29	
900.448	93.55	
900.76	96.13	
901.073	97.79	
901.385	98.97	
901.698	94.33	
902.01	95.33	
902.322	97.42	
902.634	96.91	
902.946	97.13	
903.258	95.44	
903.57	97.69	
903.882	97.63	
904.194	98.41	
904.506	98.01	
904.818	94.66	
905.13	97.35	
905.442	98.28	
905.753	96.09	
906.065	96.34	
906.377	94.24	
906.688	97.12	
907	97.27	
907.311	94.98	
907.622	95.85	
907.934	97.22	
908.245	97.1	
908.556	95.47	
908.867	95.15	
909.178	96.07	
909.489	95.19	
909.8	96.72	
910.111	98.64	
910.422	95.41	
910.733	93.93	
911.044	95.71	
911.355	96.19	
911.665	94.89	
911.976	93.69	
912.287	95.17	
912.597	97.26	
912.908	95.57	
913.218	93.8	
913.529	98.66	
913.839	93.13	
914.149	95.59	
914.46	93.89	
914.77	92.7	
915.08	94.09	
915.39	96.92	
915.7	96.06	
916.01	93.27	
916.32	99.85	
916.63	90.95	
916.94	96.79	
917.249	92.68	
917.559	90.54	
917.869	92.51	
918.178	97.13	
918.488	91.69	
918.798	96.25	
919.107	92.42	
919.416	96.3	
919.726	91.69	
920.035	90.17	
920.344	98.58	
920.654	101.81	
920.963	95.1	
921.272	103.5	
921.581	102.44	
921.89	94.32	
922.199	91.95	
922.508	93.87	
922.817	86.18	
923.125	90.57	
923.434	92.62	
923.743	92.31	
924.052	100.25	
924.36	100.1	
924.669	88.1	
924.977	91.32	
925.286	98.71	
925.594	95.8	
925.902	98.5	
926.211	91.44	
926.519	94.84	
926.827	97.59	
927.135	92.99	
927.443	96.21	
927.751	94.91	
928.059	93.34	
928.367	97.34	
928.675	98.85	
928.983	96.6	
929.291	93.8	
929.598	98	
929.906	97.5	
930.214	97.87	
930.521	90.5	
930.829	91.18	
931.136	89.45	
931.444	93.55	
931.751	93.77	
932.058	94.23	
932.366	90.96	
932.673	96.58	
932.98	94.46	
933.287	94.48	
933.594	92.9	
933.901	96.7	
934.208	92.87	
934.515	91.99	
934.822	94.91	
935.129	97	
935.435	95.15	
935.742	93.67	
936.049	92.74	
936.355	92.34	
936.662	96.27	
936.968	92.56	
937.275	90.29	
937.581	94.7	
937.887	100.19	
938.194	92.68	
938.5	96.59	
938.806	99.62	
939.112	95.86	
939.418	95.52	
939.724	94.18	
940.03	96.03	
940.336	94.69	
940.642	96.75	
940.948	93.27	
941.253	90.07	
941.559	93.27	
941.865	96.46	
942.17	98.12	
942.476	97.59	
942.781	97.46	
943.087	96.22	
943.392	98.74	
943.697	101.85	
944.003	99.04	
944.308	90.52	
944.613	96.95	
944.918	92.17	
945.223	93.86	
945.528	99.42	
945.833	96.86	
946.138	104.6	
946.443	99.24	
946.748	95.81	
947.053	87.54	
947.357	97.96	
947.662	88.86	
947.967	96.01	
948.271	97.95	
948.576	93.4	
948.88	98.55	
949.184	92.34	
949.489	95.92	
949.793	89.15	
950.097	97.41	
950.402	100.65	
950.706	87.26	
951.01	92.02	
951.314	102.23	
951.618	92.2	
951.922	92.72	
952.226	83.65	
952.529	82.77	
952.833	98.37	
953.137	91.97	
953.44	94.9	
953.744	93.44	
954.048	90.21	
954.351	91.54	
954.655	90.66	
954.958	91.19	
955.261	89.92	
955.565	89.65	
955.868	97.83	
956.171	99.03	
956.474	98.67	
956.777	94.6	
957.08	90.55	
957.383	88.31	
957.686	89.69	
957.989	90.55	
958.292	92.83	
958.595	92.87	
958.897	99.9	
959.2	93.34	
959.503	93.95	
959.805	95.8	
960.108	85.06	
960.41	91.21	
960.713	95.03	
961.015	103.35	
961.317	85.2	
961.619	101.87	
961.922	101.06	
962.224	90.83	
962.526	95.08	
962.828	98.82	
963.13	96.63	
963.432	95.55	
963.734	97.13	
964.035	96.13	
964.337	95.49	
964.639	101.58	
964.941	95.77	
965.242	98.31	
965.544	93.78	
965.845	86.14	
966.147	103.08	
966.448	93.72	
966.749	98.38	
967.051	93.99	
967.352	97.08	
967.653	95.7	
967.954	103.06	
968.255	102.77	
968.556	93.56	
968.857	95.15	
969.158	96.07	
969.459	98.6	
969.76	97.77	
970.061	96.18	
970.362	99.14	
970.662	94.81	
970.963	93.78	
971.263	95.67	
971.564	94.89	
971.864	94.73	
972.165	96.35	
972.465	95.31	
972.765	94.23	
973.066	95.19	
973.366	98.17	
973.666	95.4	
973.966	96.42	
974.266	101.96	
974.566	95.55	
974.866	92.13	
975.166	95.47	
975.466	95.08	
975.765	92.75	
976.065	92.74	
976.365	95.24	
976.664	91.43	
976.964	95.44	
977.263	94.19	
977.563	97.45	
977.862	87.32	
978.161	93.41	
978.461	103.94	
978.76	94.63	
979.059	92.77	
979.358	93.84	
979.657	95.18	
979.956	99.34	
980.255	95.49	
980.554	95.22	
980.853	93.91	
981.152	97.08	
981.451	93.03	
981.749	99.46	
982.048	99.1	
982.347	93.34	
982.645	93.58	
982.944	95.51	
983.242	95.54	
983.54	92.61	
983.839	95.55	
984.137	99.11	
984.435	95.99	
984.733	100.4	
985.032	97.54	
985.33	97.82	
985.628	96.13	
985.926	97.34	
986.223	97.54	
986.521	93.48	
986.819	98.41	
987.117	96.74	
987.415	96.62	
987.712	98.98	
988.01	95.95	
988.307	99.1	
988.605	97.99	
988.902	86.97	
989.2	88.66	
989.497	90.05	
989.794	94.28	
990.091	92.02	
990.388	85.99	
990.686	92.95	
990.983	105.76	
991.28	95.95	
991.577	87.98	
991.873	91.17	
992.17	111.87	
992.467	115.55	
992.764	102.86	
993.06	93.34	
993.357	96.66	
993.654	88.33	
993.95	81.2	
994.247	90.66	
994.543	104.89	
994.839	110	
995.136	88.33	
995.432	101.3	
995.728	104.72	
996.024	97.36	
996.32	95.24	
996.616	86.53	
996.912	88.58	
997.208	96.03	
997.504	77.01	
997.8	88.45	
998.096	126.16	
998.391	93.52	
998.687	90.62	
998.983	93.5	
999.278	105.03	
999.574	89.86	
999.869	94.82	
1000.165	86.71	
1000.46	90.57	
1000.755	102.94	
1001.05	101	
1001.346	87.29	
1001.641	114.59	
1001.936	98.56	
1002.231	76.76	
1002.526	97.32	
1002.821	90.59	
1003.115	97.82	
1003.41	80.37	
1003.705	98.14	
1004	91.73	
1004.294	86.86	
1004.589	99.27	
1004.883	89.14	
1005.178	94.27	
1005.472	93.75	
1005.767	101.18	
1006.061	93.53	
1006.355	84.18	
1006.649	101.53	
1006.944	92.61	
1007.238	87.09	
1007.532	88.33	
1007.826	83.88	
1008.12	97.42	
1008.414	93.16	
1008.707	91.52	
1009.001	90.18	
1009.295	112.89	
1009.589	77.58	
1009.882	107.8	
1010.176	105.95	
1010.469	95.15	
1010.763	96.81	
1011.056	102.98	
1011.349	86.44	
1011.643	87.95	
1011.936	111.31	
1012.229	97.85	
1012.522	126.26	
1012.815	76.87	
1013.108	90.26	
1013.401	86.44	
1013.694	118.01	
1013.987	76.7	
1014.28	116.85	
1014.573	72.11	
1014.865	64.22	
1015.158	93.35	
1015.45	105.84	
1015.743	85.03	
1016.035	99.45	
1016.328	65	
1016.62	98.05	
1016.913	70.38	
1017.205	93.04	
1017.497	56.28	
1017.789	74.36	
1018.081	94.45	
1018.373	70.85	
1018.665	73.63	
1018.957	89.77	
1019.249	111.65	
1019.541	118.8	
1019.833	72.43	
1020.124	79.82	
1020.416	73.9	
1020.708	149.21	
1020.999	84.29	
1021.291	168.15	
1021.582	85.04	
1021.874	64.3	
1022.165	85.03	
1022.456	122.1	
1022.747	72.57	
1023.039	60.07	
1023.33	92.92	
1023.621	94.87	
1023.912	56.28	
1024.203	85.5	
1024.494	63.35	
1024.785	71.85	
1025.075	81.17	
1025.366	85.08	
1025.657	104.74	
1025.947	70.46	
1026.238	55.42	
1026.529	60.06	
1026.819	98.29	
1027.109	62.26	
1027.4	83.11	
1027.69	76.14	
1027.98	72.91	
1028.271	76.95	
1028.561	102.64	
1028.851	179.32	
1029.141	65	
1029.431	76.72	
1029.721	60.08	
1030.011	85.89	
1030.3	81.36	
1030.59	99.24	
1030.88	77.72	
1031.169	196.9	
1031.459	96.15	
1031.749	35.55	
1032.038	31.34	
1032.328	124.46	
1032.617	315.71	
1032.906	182	
1033.196	66.64	
1033.485	55.18	
1033.774	40.54	
1034.063	285.5	
1034.352	28.51	
1034.641	60.1	
1034.93	345.86	
1035.219	63.77	
1035.508	69.27	
1035.796	58.15	
1036.085	965	
1036.374	79.54	
1036.662	132.15	
1036.951	339.5	
1037.24	486.36	
1037.528	118.8	
1037.816	60.11	
1038.105	114.34	
1038.393	155.96	
1038.681	20.98	
1038.969	198.39	
1039.258	95.33	
1039.546	-655	
1039.834	49.61	
1040.122	40.89	
1040.409	96.15	
1040.697	112.37	
1040.985	98.16	
1041.273	41.72	
1041.561	69.74	
1041.848	89.46	
1042.136	73.04	
1042.423	84.46	
1042.711	68.52	
1042.998	50.41	
1043.285	140.36	
1043.573	85.54	
1043.86	79.78	
1044.147	106.35	
1044.434	224.55	
1044.721	196.9	
1045.008	52.28	
1045.295	86.27	
1045.582	121.25	
1045.869	62.07	
1046.156	148.3	
1046.443	42.81	
1046.729	70.93	
1047.016	79.46	
1047.303	66.55	
1047.589	273.64	
1047.876	28.04	
1048.162	79.21	
1048.448	57.98	
1048.735	26.81	
1049.021	98.75	
1049.307	61.73	
1049.593	-764.29	
1049.879	1955	
1050.165	209.31	
1050.451	90.85	
1050.737	26.24	
1051.023	-18.57	
1051.309	54.26	
1051.595	85.89	
1051.88	47.93	
1052.166	44.04	
1052.452	64.62	
1052.737	182.77	
1053.023	33.36	
1053.308	209.31	
1053.593	55.18	
1053.879	155	
1054.164	150.5	
1054.449	339.5	
1054.734	-40.7	
1055.02	38.71	
1055.305	74.73	
1055.59	55.55	
1055.874	47.97	
1056.159	83.98	
1056.444	20.89	
1056.729	159.66	
1057.014	5.35	
1057.298	15.18	
